30
100 2 0
504 803 667 1103 834 585 811 856 690 832 846 813 868 793 825 1002 860 615 540 797 616 660 707 866 647 746 1006 608 877 900 573 788 484 853 942 630 591 630 640 1169 932 1034 957 798 669 625 467 1051 552 717 654 388 559 555 1104 783 959 668 507 855 986 831 821 825 868 852 832 828 799 686 510 671 575 740 510 675 996 636 826 1022 1140 654 909 799 1162 653 814 625 599 476 767 954 906 904 649 873 565 853 1008 632
42 41 523 215 819 551 69 193 582 375 367 478 162 898 550 553 298 577 493 183 260 224 852 394 958 282 402 604 164 308 218 61 273 772 191 117 276 877 415 873 902 465 320 870 244 781 86 622 665 155 680 101 665 227 597 354 597 79 162 998 849 136 112 751 735 884 71 449 266 420 797 945 746 46 44 545 882 72 383 714 987 183 731 301 718 91 109 567 708 507 983 808 766 615 554 282 995 946 651 298
509 883 229 569 706 639 114 727 491 481 681 948 687 941 350 253 573 40 124 384 660 951 739 329 146 593 658 816 638 717 779 289 430 851 937 289 159 260 930 248 656 833 892 60 278 741 297 967 86 249 354 614 836 290 893 857 158 869 206 504 799 758 431 580 780 788 583 641 32 653 252 709 129 368 440 314 287 854 460 594 512 239 719 751 708 670 269 832 137 356 960 651 398 893 407 477 552 805 881 850
11927 13727
100 2 0
869 1043 829 813 683 548 658 785 733 751 891 549 365 633 691 583 693 625 880 544 1038 525 706 557 974 802 460 813 1126 698 550 895 807 844 802 966 838 1075 332 678 440 644 700 546 500 782 965 1054 854 1053 721 572 773 853 840 849 715 1032 762 779 780 685 572 737 931 945 828 978 965 701 431 862 719 877 838 813 275 802 754 547 1039 940 730 1195 871 560 627 503 523 906 612 857 660 890 864 976 840 569 702 977
523 940 933 411 125 834 298 671 664 901 236 382 381 789 613 954 637 438 911 459 630 722 929 225 463 702 870 787 577 119 835 795 313 938 239 751 736 447 81 984 529 683 67 55 21 192 776 797 248 253 405 600 706 188 882 28 165 912 368 896 825 235 72 739 873 169 408 986 474 838 108 331 361 360 790 206 258 331 117 208 865 521 214 607 625 126 549 429 541 636 26 366 194 476 956 568 520 159 879 404
524 304 525 400 928 370 589 986 933 168 661 28 349 864 305 74 692 502 177 461 752 562 708 733 956 858 535 848 592 701 219 597 774 716 450 871 84 881 239 83 285 309 713 16 47 475 541 592 610 165 990 378 45 642 870 605 856 812 833 837 512 83 54 998 743 668 748 809 704 630 414 25 723 10 479 923 156 505 844 897 483 611 956 590 452 323 328 199 501 883 81 14 953 88 134 573 887 326 491 269
12841 13172
100 2 0
771 509 640 509 641 626 640 891 960 928 975 843 654 856 612 871 731 720 771 810 1047 713 574 557 697 660 812 384 714 967 761 722 1026 850 1077 627 729 511 929 561 966 310 1086 832 700 564 602 1046 854 489 505 577 608 445 747 791 543 403 703 914 836 925 437 542 1158 691 849 927 903 864 669 724 720 570 840 358 565 639 658 851 639 492 749 761 682 740 779 601 668 866 645 550 967 890 707 804 822 475 353 830
563 659 144 345 188 345 585 400 396 425 393 392 864 460 874 949 969 774 106 198 987 234 770 870 933 599 866 512 99 848 350 244 965 388 217 915 669 314 915 492 739 58 628 444 632 475 598 752 493 928 52 114 58 106 876 165 645 133 86 881 640 18 449 596 705 702 714 743 960 663 476 804 554 482 974 672 464 357 111 284 775 25 506 899 766 155 785 164 970 846 563 813 289 874 462 851 663 667 67 355
588 89 884 128 202 635 29 730 968 426 101 987 624 911 580 306 536 132 370 691 739 75 427 500 237 945 180 256 272 376 836 657 714 632 730 16 218 179 523 508 846 114 536 684 95 698 977 621 495 670 477 490 800 116 236 134 772 567 906 515 516 656 636 624 897 515 584 940 299 578 774 805 277 500 56 191 333 692 299 206 940 281 627 993 90 529 840 516 655 564 154 20 625 897 981 1000 633 307 220 61
13486 12749
100 2 0
1068 567 704 973 1047 874 665 580 959 618 848 1031 944 852 436 1096 533 767 819 856 622 848 916 535 1045 425 1088 702 995 574 817 960 884 661 759 753 738 538 520 934 806 807 653 555 762 554 1039 662 1046 645 682 599 591 642 1006 633 1055 631 761 430 644 1024 933 745 578 1067 888 680 442 946 652 689 753 913 1197 518 517 535 619 838 576 749 946 713 482 540 966 1074 276 653 971 968 918 915 997 437 434 643 837 789
495 707 875 928 542 474 824 312 266 682 366 999 147 823 86 841 371 853 68 815 88 935 503 785 407 172 663 415 243 760 323 902 783 675 521 466 521 620 533 208 634 483 542 832 648 441 939 380 938 640 721 340 390 42 705 517 5 315 331 534 305 941 165 40 332 983 770 264 7 525 475 798 509 438 77 626 30 591 696 84 346 619 595 504 971 559 792 940 281 55 524 561 485 963 290 51 692 807 852 737
377 556 313 90 505 18 101 582 941 459 515 959 850 597 523 724 256 831 764 940 780 881 280 82 862 65 346 205 434 354 128 141 407 499 153 548 329 192 565 898 894 642 302 7 331 647 858 790 604 82 365 94 830 9 769 984 917 672 189 232 676 97 783 500 271 480 841 629 162 191 316 616 337 855 935 915 148 105 150 800 312 879 547 899 6 454 213 459 65 320 723 779 786 3 127 214 84 580 970 636
13164 12033
100 2 0
829 618 641 992 985 570 650 902 1049 571 567 498 600 986 855 688 995 962 644 710 632 1068 735 1087 646 780 655 706 1113 550 625 967 1101 551 963 799 472 1134 692 512 852 749 557 1144 707 679 907 789 732 556 784 796 702 744 603 917 998 527 949 791 883 619 707 383 494 477 822 1137 807 615 935 448 743 926 818 669 650 798 509 732 842 882 643 752 1063 436 637 652 914 510 749 727 731 663 790 888 506 545 872 635
502 66 229 725 461 533 658 340 95 501 697 437 172 549 801 408 866 475 253 467 809 802 683 738 160 41 432 538 342 957 515 995 824 255 712 241 541 806 577 313 595 899 676 772 560 342 791 253 400 180 60 722 945 164 116 429 856 102 573 623 633 59 235 737 376 370 528 546 699 352 523 327 412 869 841 758 320 230 6 409 432 678 562 595 778 364 908 188 48 291 984 620 627 571 720 393 119 43 587 448
430 323 712 645 833 762 352 411 715 141 887 331 388 546 817 813 541 144 300 311 264 591 657 848 101 862 282 66 101 401 322 363 471 750 871 523 163 428 265 284 338 346 616 467 401 464 239 712 866 129 202 710 353 715 176 395 71 644 440 247 616 68 598 12 421 83 938 602 793 745 924 535 20 303 586 953 929 536 301 396 87 287 575 290 714 407 717 189 880 813 996 717 283 702 797 650 280 344 592 512
12440 12184
100 2 0
879 686 547 407 623 884 882 679 814 673 1156 654 606 940 490 733 910 1164 483 989 934 641 1148 1024 1136 856 702 484 1001 749 881 861 967 1033 928 582 656 971 607 372 685 553 714 866 936 1160 600 661 759 823 688 951 634 858 992 789 807 922 838 662 682 790 360 521 850 787 903 571 739 905 946 669 981 747 950 614 786 881 854 883 581 488 1014 1072 567 586 557 600 1027 851 530 961 758 346 626 682 546 879 832 708
859 636 338 240 511 87 829 70 593 711 681 293 620 646 644 327 537 369 650 369 506 598 139 322 833 812 414 131 846 224 440 258 179 380 698 103 720 717 62 235 773 64 735 803 595 308 499 672 713 78 570 636 968 47 795 589 125 317 195 761 314 108 13 141 531 667 984 557 1000 934 843 706 552 967 545 839 496 723 117 770 390 966 428 595 641 150 452 278 804 560 176 776 966 357 953 563 395 857 292 378
384 18 54 579 393 459 952 272 939 603 489 867 592 489 312 557 374 860 95 829 262 292 878 504 692 738 276 734 340 576 238 950 536 824 550 407 849 541 82 117 11 4 425 901 590 905 206 210 181 704 218 139 137 298 107 578 12 900 974 85 413 942 870 962 518 625 930 660 951 781 424 393 664 397 636 263 744 964 381 10 481 163 758 559 392 626 32 701 845 834 551 968 983 572 756 173 636 804 772 268
12914 13123
100 2 0
695 601 648 914 892 897 606 977 665 1258 928 701 526 925 860 1148 749 672 813 860 564 1079 904 510 1113 1081 914 843 701 822 821 766 922 794 564 612 785 692 639 787 684 962 645 862 658 462 729 662 1103 772 942 811 669 846 802 1132 388 798 664 944 687 568 572 1002 881 871 605 684 988 943 452 707 727 919 602 915 757 560 741 1045 831 868 593 935 911 587 498 525 971 687 895 478 763 729 690 730 950 1180 1023 885
919 871 228 796 165 339 347 285 148 900 859 647 313 478 520 674 256 192 66 797 277 847 571 319 868 937 830 827 306 6 600 925 736 583 128 832 250 531 318 570 476 213 756 510 335 440 190 696 902 518 955 222 900 394 650 619 185 740 187 187 281 102 578 494 75 616 348 812 985 928 327 860 708 511 35 933 685 875 546 793 643 856 961 252 504 167 475 416 11 330 866 390 283 100 581 860 816 403 744 826
673 442 727 426 597 560 184 827 746 786 778 508 447 121 314 896 594 900 656 637 337 875 187 117 281 209 441 681 16 871 692 33 555 328 613 157 678 856 50 104 303 355 824 377 297 255 839 464 841 137 239 971 475 737 757 582 642 516 198 69 122 677 696 665 501 491 523 699 503 696 75 588 843 575 826 88 497 163 487 342 854 144 17 488 754 610 850 379 903 991 332 54 62 277 388 26 554 714 504 622
13278 12340
100 2 0
607 401 645 907 915 499 914 879 757 978 608 548 470 1167 1017 699 942 547 986 875 876 658 461 546 866 664 649 1125 362 941 817 1064 908 586 774 796 762 605 643 661 752 730 893 742 884 611 922 953 360 918 770 946 913 523 440 636 859 968 313 1114 792 800 780 817 1108 1038 655 697 700 797 1030 753 591 936 634 712 581 827 434 686 759 772 871 643 759 623 605 934 697 534 1029 650 961 509 652 571 420 673 734 735
461 496 567 403 773 652 653 794 336 899 104 871 445 393 390 149 371 35 844 840 136 224 665 27 683 711 465 486 170 616 86 154 378 476 614 604 578 116 303 930 79 19 651 329 726 426 332 450 731 463 5 680 851 380 238 411 868 953 109 770 968 297 413 402 923 453 720 9 819 67 459 320 984 676 198 660 279 80 808 540 763 386 941 232 126 51 183 901 467 207 861 387 779 362 22 618 345 433 4 288
878 88 752 381 827 407 993 320 763 987 252 601 188 981 531 166 465 797 773 258 953 796 881 176 997 804 66 483 139 457 409 955 77 948 790 519 474 315 876 534 768 962 303 43 509 383 318 67 539 289 953 464 45 70 457 820 411 727 441 364 818 828 9 593 440 759 157 760 338 697 511 365 54 934 577 425 319 530 904 288 884 312 177 425 320 342 165 996 983 882 252 549 749 115 2 91 86 744 412 887
11700 12917
100 2 0
576 585 831 320 872 948 695 836 746 609 1001 835 927 560 1101 879 477 697 858 702 447 503 1071 609 963 618 737 809 522 556 900 751 825 746 919 633 878 670 771 525 861 431 608 946 1187 631 435 1217 749 484 596 788 1052 618 664 875 827 331 467 759 499 590 732 819 724 880 938 444 717 798 577 656 1000 615 751 897 629 1016 1097 534 757 507 966 881 1026 877 956 735 836 674 1059 742 813 755 1064 495 1075 1177 938 680
181 180 339 135 913 517 819 181 976 488 77 342 398 233 893 156 313 920 486 583 4 267 728 661 447 9 12 173 652 323 761 58 697 651 702 600 281 162 734 208 450 675 282 948 884 72 265 585 838 536 752 839 832 877 90 746 863 463 590 525 253 987 204 716 653 513 605 174 863 672 532 36 775 737 104 605 685 766 959 725 917 209 330 313 533 444 571 899 776 228 967 317 621 661 259 775 702 764 775 458
465 182 469 336 937 91 593 49 74 690 918 439 903 884 164 756 115 624 146 752 177 889 717 356 381 697 975 213 286 828 70 890 370 941 9 5 168 417 387 393 259 101 61 815 859 768 21 528 292 24 465 161 539 990 778 290 556 257 376 694 933 467 937 680 720 309 288 89 251 427 487 51 847 135 518 861 170 870 263 989 173 61 990 903 957 874 980 535 339 683 230 104 650 631 647 178 827 597 258 862
13114 12340
100 2 0
720 569 832 746 601 863 596 1013 736 737 1062 381 1044 605 970 1177 747 842 875 627 839 674 897 876 597 649 1087 752 525 754 692 835 436 1183 369 940 654 1090 780 1045 578 896 1008 798 734 987 694 565 809 818 972 887 614 930 694 872 712 500 739 831 522 1008 834 734 490 924 422 598 499 846 939 797 538 656 931 861 784 586 859 620 1055 645 857 623 797 643 566 811 819 688 922 1142 902 795 744 754 453 427 839 928
921 367 638 810 166 650 365 974 685 545 962 439 12 618 255 835 790 963 111 200 999 117 615 718 297 399 998 579 337 977 828 332 769 743 595 452 12 577 128 535 60 973 808 763 915 492 578 699 171 796 393 562 798 515 22 282 549 430 639 802 145 348 865 377 658 663 95 341 3 508 912 786 946 62 593 619 432 510 648 378 989 689 20 936 537 823 117 971 178 111 607 698 865 469 622 497 459 318 816 581
944 169 797 999 198 453 743 441 954 66 193 66 963 1 201 425 607 211 390 402 971 258 240 620 163 17 849 310 437 397 31 277 349 632 447 831 528 978 272 732 882 430 525 570 62 285 40 437 337 421 71 344 261 791 232 990 102 91 811 119 335 388 140 676 58 387 893 697 665 500 790 836 247 523 860 922 805 660 930 756 686 149 369 556 938 285 640 538 915 433 981 684 681 506 831 25 686 264 985 397
13688 12495
100 2 0
1231 498 927 1115 671 888 477 982 1018 699 772 867 913 534 762 707 610 797 801 705 397 418 502 667 1105 694 865 554 852 717 642 445 1083 596 849 619 406 775 441 714 513 651 1060 409 723 761 784 651 725 761 576 508 731 704 640 616 855 1001 641 834 537 620 603 364 553 615 589 574 790 759 700 887 575 550 1162 772 973 387 383 700 934 650 959 1282 969 1163 886 835 1137 502 483 511 796 1090 690 901 773 829 885 1103
666 688 983 479 117 68 357 972 505 865 36 603 982 727 396 23 201 67 423 272 234 567 168 798 693 2 317 576 393 990 284 235 602 374 471 196 30 268 47 516 362 963 570 174 226 281 213 297 699 51 327 590 929 342 883 145 31 753 947 71 449 579 772 876 755 342 30 809 24 336 217 568 299 157 846 183 654 223 10 870 835 808 508 977 309 997 920 892 749 355 819 186 46 591 102 859 935 855 334 968
716 97 257 968 460 815 704 32 961 767 253 693 737 316 780 233 190 414 393 143 536 274 69 87 693 449 840 480 662 906 877 320 890 791 464 316 78 800 576 728 475 546 845 406 86 580 856 927 325 655 85 690 95 4 193 552 840 458 995 491 7 518 284 121 728 306 646 365 632 937 558 48 229 303 666 873 881 411 272 466 330 665 60 782 450 769 583 427 799 266 319 100 362 213 307 468 352 873 355 89
24045 24345
100 2 0
630 729 468 307 761 579 1045 813 582 496 569 564 869 789 582 624 520 666 696 651 704 343 770 844 771 937 333 1012 763 403 998 765 1103 574 689 741 566 977 491 1025 898 427 922 993 780 458 1106 832 827 726 953 740 528 616 897 1109 359 813 690 678 668 1110 719 800 989 977 550 460 768 760 802 743 638 834 600 788 687 548 1066 510 584 1039 429 887 906 949 919 957 407 766 912 621 561 589 490 401 796 790 778 922
884 667 13 143 333 464 938 225 37 193 531 750 933 385 877 179 639 427 665 599 755 774 25 165 129 403 49 681 443 148 141 484 414 868 86 295 484 38 419 833 706 70 481 689 914 218 803 867 416 47 120 290 781 459 520 25 173 911 244 618 193 248 664 674 452 641 457 323 286 434 541 904 866 326 624 445 615 296 600 614 673 923 149 493 773 604 811 520 343 304 147 576 444 349 941 809 639 361 366 690
203 685 977 28 292 95 558 427 542 770 669 14 59 63 520 206 14 447 372 816 504 271 342 650 669 658 326 976 398 902 645 932 868 6 533 719 241 778 244 185 63 369 152 114 541 202 129 735 485 109 954 307 375 460 397 779 203 265 217 415 705 630 485 889 849 958 66 175 57 39 234 809 17 4 402 882 336 109 696 222 805 893 212 768 389 15 848 968 551 367 456 590 553 946 672 241 576 517 640 822
23993 23134
100 2 0
654 668 929 879 767 517 343 571 788 493 635 900 961 765 650 426 786 655 907 852 615 764 600 879 524 920 652 636 842 706 630 828 883 595 1029 757 903 516 647 427 1059 833 560 766 900 680 519 671 594 1092 601 407 897 770 727 503 605 820 882 585 938 834 701 513 1024 575 720 763 650 530 710 772 637 608 393 817 720 1085 735 917 514 515 717 1109 698 900 729 534 608 633 558 947 1128 586 991 998 724 653 766 722
22 941 982 821 7 16 471 932 107 465 692 528 391 431 442 68 183 642 784 554 4 723 334 683 219 708 102 878 286 167 149 977 574 624 984 99 447 945 814 454 617 865 482 333 887 244 669 105 26 592 277 76 372 565 408 345 524 786 406 441 20 704 217 167 748 151 518 606 596 170 369 184 491 364 874 317 235 975 481 901 225 320 786 678 613 252 529 652 70 816 284 468 482 691 683 591 128 53 664 431
807 44 590 202 410 979 268 9 250 217 326 191 753 833 303 370 816 191 641 412 240 982 432 22 304 161 793 169 619 888 630 268 671 495 679 508 998 453 423 7 452 441 92 703 677 476 484 535 235 671 432 119 738 659 673 7 589 26 613 437 141 945 752 655 108 634 578 95 501 99 229 289 994 1000 179 390 770 785 577 94 529 92 797 727 53 24 193 168 73 310 109 924 628 80 190 663 279 454 904 106
23587 22266
100 2 0
807 445 673 559 763 725 752 1051 1011 450 599 581 934 833 802 661 845 856 704 769 600 1091 687 832 650 916 939 518 1190 678 326 1060 804 1095 457 505 828 917 786 561 1041 929 946 347 684 504 698 784 840 677 571 753 501 656 899 580 877 1057 998 1054 776 643 1073 1068 691 616 812 752 898 457 849 907 575 1139 1039 729 389 775 835 586 624 575 874 1007 787 574 666 796 743 767 599 1046 647 782 535 924 748 718 855 1118
196 780 104 74 440 177 34 694 708 499 912 309 366 137 149 190 636 188 647 400 331 676 292 952 761 957 151 34 419 169 359 873 845 316 363 47 317 242 487 643 966 913 813 486 677 502 260 36 830 249 618 194 76 16 273 91 379 923 922 755 109 612 765 984 214 317 563 723 769 30 298 547 550 325 854 468 114 941 503 945 141 10 663 47 313 362 799 477 807 603 166 468 266 188 642 354 176 340 738 927
916 485 585 316 549 903 579 478 148 60 412 447 448 359 573 391 513 563 630 596 526 484 570 782 96 328 781 241 619 908 47 89 511 662 981 552 602 846 123 47 723 347 196 61 183 215 574 122 549 346 966 626 32 480 486 378 975 345 416 588 981 339 241 715 777 962 790 541 598 619 216 772 416 940 879 923 27 763 712 48 692 857 750 966 676 300 786 7 447 431 986 563 489 682 897 76 571 969 828 493
22986 26540
100 2 0
603 637 840 1091 780 642 895 540 601 701 731 686 496 731 427 558 805 702 759 463 970 915 561 964 898 941 748 877 952 339 690 860 600 604 646 653 760 654 638 721 988 693 721 380 482 517 931 454 971 679 945 695 954 663 592 570 894 731 273 715 431 393 994 667 735 848 1094 961 671 615 815 697 523 403 725 647 623 1172 898 643 715 366 555 994 1017 915 669 883 492 660 891 581 845 860 750 775 952 640 784 535
564 573 644 578 35 292 982 294 315 809 523 94 663 780 949 36 166 798 640 526 176 745 816 748 238 369 542 855 95 191 121 510 58 633 478 24 352 75 480 448 516 900 439 331 217 600 656 347 978 337 559 649 583 628 839 397 285 156 45 461 2 866 832 295 747 391 617 118 310 159 602 422 414 190 936 384 170 791 576 524 181 561 931 338 739 47 697 998 792 779 727 190 320 787 600 77 526 407 620 462
69 120 707 768 617 344 512 212 763 553 141 463 598 582 691 647 772 404 238 295 375 302 842 771 338 363 496 99 915 41 102 799 190 413 362 422 747 290 485 775 403 429 759 676 605 474 670 170 211 440 750 721 203 285 7 467 814 346 498 214 379 148 809 873 937 607 345 313 982 523 768 945 131 148 814 203 595 107 62 105 519 86 497 930 460 319 199 918 143 367 628 39 5 81 843 37 437 918 174 824
24132 22992
100 2 0
712 839 811 531 621 641 655 909 811 606 886 804 555 844 792 537 456 452 813 693 682 539 786 781 763 672 672 590 1166 546 441 517 1030 352 862 873 871 541 860 706 629 552 557 563 1121 551 539 1137 731 1167 736 863 498 566 424 939 1046 952 588 973 978 640 930 625 1001 686 788 1005 750 572 637 513 822 560 831 928 334 866 618 652 751 672 708 936 901 582 770 932 653 402 555 760 449 986 547 832 526 574 1160 695
684 924 669 293 348 197 409 685 720 330 582 701 579 249 396 565 616 589 606 36 483 153 46 272 3 718 580 480 822 234 455 133 851 425 552 748 413 232 849 981 68 350 128 345 763 522 282 710 170 594 298 946 834 640 95 880 914 69 295 925 860 394 270 778 846 299 292 15 473 730 537 596 515 509 609 711 13 503 544 836 988 71 148 199 152 66 997 299 871 401 638 808 247 546 176 990 5 752 482 349
304 938 579 992 228 309 747 765 840 560 548 941 415 91 812 284 31 655 496 335 434 467 776 784 1000 812 797 499 913 721 306 542 83 522 821 859 696 214 316 549 228 407 176 179 578 990 307 831 996 974 312 22 252 978 470 509 766 725 500 184 473 942 76 458 689 255 88 268 118 257 294 173 258 634 282 693 389 370 703 242 209 776 605 543 685 447 769 552 129 472 631 917 142 878 464 570 99 332 948 51
24476 25623
100 2 0
579 678 740 681 740 727 644 926 932 1006 840 698 566 675 577 714 917 196 714 542 982 612 872 1008 1083 681 638 1051 646 791 599 929 806 906 530 767 568 660 528 738 830 1127 510 604 670 673 748 404 910 595 902 734 754 786 780 316 887 858 954 1114 524 856 840 1002 961 723 915 882 879 648 378 478 867 487 640 936 462 188 417 478 624 1004 723 515 1047 785 672 679 822 432 552 629 523 449 567 652 668 516 584 683
835 255 797 79 126 39 126 346 302 977 166 20 489 654 193 489 419 248 250 557 755 75 363 699 740 233 944 13 755 208 158 626 765 252 127 170 310 955 178 786 881 653 829 552 27 88 58 143 414 365 435 208 630 620 13 268 606 576 653 795 104 722 373 643 478 470 996 802 523 672 633 490 848 341 630 888 776 113 173 178 771 899 587 300 971 738 270 241 664 502 264 793 428 431 865 375 253 270 374 391
966 222 987 643 508 656 553 578 401 1000 488 44 163 227 587 633 946 53 350 298 995 956 825 630 975 583 457 381 155 44 355 658 470 284 640 419 948 943 246 784 197 438 164 109 277 525 675 79 353 301 446 576 462 450 816 2 858 305 647 374 31 448 324 394 339 419 39 452 345 810 181 201 629 227 801 195 121 160 220 350 698 865 420 665 250 224 237 606 660 70 674 288 282 97 97 927 974 66 74 292
23267 22629
100 2 0
630 613 786 805 611 826 753 979 701 597 751 693 812 619 810 460 1000 972 878 906 447 827 894 984 898 687 816 843 712 945 985 1237 1125 703 916 475 735 852 833 486 957 500 893 779 683 708 729 761 566 498 926 657 832 938 890 550 654 796 1123 553 634 872 1029 1021 940 781 756 1098 808 841 568 320 990 225 724 354 898 842 435 745 1039 600 834 892 768 889 746 1093 873 711 912 541 565 411 580 869 882 750 925 799
339 171 913 136 934 822 629 384 134 550 34 615 810 667 855 176 482 658 514 643 351 476 699 862 759 704 839 322 778 160 218 969 261 268 105 360 889 121 172 393 395 39 415 981 129 292 154 451 834 228 502 499 466 774 390 610 120 117 711 811 480 979 440 801 863 973 191 703 443 470 113 268 310 245 687 223 910 758 137 383 725 290 4 31 521 245 419 67 467 299 214 341 792 154 357 190 410 677 555 318
492 726 75 329 663 473 747 823 239 121 75 442 197 331 771 390 763 420 512 899 441 803 693 313 2 870 193 799 253 733 709 891 637 161 657 817 487 987 851 565 607 84 215 486 842 872 845 32 608 9 142 920 1 141 316 662 29 350 684 980 225 61 292 416 877 159 669 891 134 83 615 71 364 232 782 595 802 929 393 254 409 605 453 940 892 624 379 932 193 4 542 5 13 5 234 724 380 519 893 935
23272 24350
100 2 0
504 800 801 1049 588 787 849 682 731 302 930 653 337 742 1080 709 593 816 1009 811 1132 894 987 768 660 498 670 1019 679 767 589 722 944 1076 1019 382 685 652 686 705 1009 858 807 1011 626 449 714 428 819 567 716 935 662 425 805 802 936 840 895 856 1036 889 1177 910 888 801 1038 628 786 485 895 459 599 858 313 739 836 463 846 425 857 994 543 1176 626 567 264 912 630 629 810 606 599 779 579 1006 810 671 945 749
5 638 952 501 926 267 878 459 826 99 201 870 468 782 219 363 213 969 925 848 905 71 827 449 504 190 697 984 702 729 424 85 306 881 518 91 647 698 353 487 924 566 866 566 307 564 105 405 772 62 20 824 551 894 679 640 916 974 370 741 347 337 613 302 682 157 708 275 393 470 763 63 311 257 40 486 587 773 603 66 218 977 295 590 603 285 277 447 844 802 173 157 98 856 243 821 491 628 130 748
100 606 436 611 290 667 805 77 625 56 883 577 70 657 806 224 500 92 207 254 368 801 249 985 94 142 122 754 415 484 824 206 945 779 676 11 413 326 600 859 375 942 87 931 96 543 505 880 83 509 259 438 49 364 336 743 100 162 730 902 614 646 886 721 200 541 531 64 553 24 224 192 189 606 336 734 385 35 400 13 359 910 202 989 534 683 528 865 823 533 826 519 335 833 772 902 839 19 256 561
25810 23906
100 2 0
909 617 704 815 853 892 851 769 688 1005 461 386 781 1081 821 912 649 1247 704 614 911 915 685 862 856 619 655 893 859 866 701 634 729 590 790 523 463 810 971 1032 593 625 1020 766 791 472 656 885 794 499 547 813 271 714 563 484 528 1009 719 775 496 1127 702 380 848 646 857 435 850 917 657 830 629 944 1052 1084 936 756 962 641 590 926 933 888 894 506 698 821 668 741 583 885 747 1150 909 621 805 624 708 526
21 619 736 453 196 636 849 94 674 728 866 12 903 696 154 240 679 962 944 550 638 425 321 260 424 546 133 354 923 948 428 645 48 677 676 163 398 508 223 510 726 379 431 649 683 72 57 900 337 183 746 879 219 242 332 104 946 491 799 461 400 903 640 240 968 595 49 885 532 556 86 980 923 919 691 175 697 461 471 340 556 780 841 111 591 549 188 814 177 666 796 220 971 843 214 906 276 645 801 130
685 473 278 841 667 150 488 351 303 678 268 431 304 657 7 831 195 787 370 839 608 190 646 242 660 408 511 245 253 130 770 250 345 910 919 188 302 134 717 471 496 116 831 271 939 749 610 854 567 508 332 618 44 840 460 276 426 813 403 80 730 620 622 365 169 321 800 269 795 736 474 673 665 887 986 876 536 489 380 908 481 144 739 975 311 264 709 379 397 459 202 620 324 640 379 204 981 883 227 20
26241 25187
100 2 0
1035 760 1051 473 414 773 571 578 690 552 916 1000 538 485 480 619 1069 694 1116 964 810 523 570 457 540 718 776 599 967 835 561 973 1006 913 536 754 1032 756 692 830 884 830 872 730 418 1042 585 1058 957 331 935 317 755 636 751 812 655 590 858 916 554 1062 861 486 742 625 887 883 652 960 811 920 456 335 638 799 753 511 1028 590 710 1025 920 524 500 873 932 886 819 799 613 637 1050 543 756 565 500 659 472 666
898 137 865 892 976 857 353 15 11 215 98 834 43 374 17 371 903 227 661 296 519 721 111 142 513 328 983 89 893 733 933 642 519 728 138 92 927 489 938 781 730 104 618 917 7 405 81 560 617 214 696 4 455 234 209 465 348 520 474 931 383 585 54 232 827 69 511 945 588 961 53 443 534 140 60 692 670 236 762 940 677 483 668 777 575 120 947 296 304 543 210 772 761 448 804 432 29 424 71 892
703 58 931 130 191 4 65 501 240 353 211 598 683 241 112 439 593 450 740 723 387 245 896 28 282 785 975 906 350 712 268 908 951 908 476 656 716 871 631 530 326 660 326 543 252 497 619 886 389 177 747 291 927 436 597 347 907 173 567 543 333 959 140 576 644 286 104 63 677 950 351 730 936 175 513 5 87 219 679 86 474 901 641 231 732 954 199 57 227 836 324 149 538 378 321 250 30 849 207 774
36577 36182
100 2 0
982 1009 1105 967 697 901 641 690 546 613 708 1059 569 976 774 755 842 972 761 625 861 880 804 573 851 514 853 663 1004 572 944 732 830 476 824 758 728 707 739 474 428 417 835 581 632 484 892 1035 401 839 600 684 1066 834 857 1061 710 877 795 976 1154 426 827 1082 943 797 557 834 497 705 695 609 655 630 614 935 1003 803 704 836 445 808 464 651 1079 781 708 861 1230 927 494 1096 673 626 861 734 825 842 995 709
943 948 984 859 801 768 229 497 299 88 113 685 24 169 28 112 906 639 14 287 619 446 956 665 300 431 313 257 886 575 948 851 882 182 205 551 1 956 111 455 186 76 325 247 767 382 924 481 262 869 204 974 952 509 805 965 284 978 643 851 849 329 282 510 901 855 521 577 881 291 598 606 800 493 964 951 971 739 759 747 791 839 203 681 729 682 952 622 870 39 86 798 693 39 632 900 729 192 970 346
184 613 282 608 85 476 48 604 501 49 4 253 227 405 348 47 277 14 91 638 931 998 336 523 714 35 260 327 877 145 417 803 822 409 34 875 1000 352 951 246 388 696 413 799 325 615 335 856 324 665 431 771 586 198 683 985 681 523 639 318 873 697 854 267 340 280 632 977 593 786 410 526 65 479 713 569 154 852 916 661 230 674 156 703 739 552 541 752 225 128 449 786 798 562 97 58 218 706 363 705
42813 36845
100 2 0
655 627 1025 807 418 620 670 895 619 671 930 424 713 618 559 765 803 643 940 524 902 891 936 623 1022 548 626 757 1122 866 1118 566 624 555 303 883 874 801 1035 703 685 301 533 623 989 992 1021 863 788 690 1080 1037 921 758 1007 716 809 727 1067 915 499 744 505 738 741 859 774 787 606 790 430 519 681 905 448 623 645 688 607 395 713 455 653 823 511 740 821 910 708 982 557 737 781 566 648 745 627 709 955 909
853 339 861 343 424 282 830 442 222 447 925 139 524 606 840 490 39 741 926 518 843 425 410 788 196 801 255 202 285 757 864 673 641 212 7 22 596 216 761 824 505 83 403 687 210 69 271 177 49 564 821 923 842 347 618 673 596 718 785 518 907 170 100 58 127 912 344 575 538 835 339 130 644 886 335 362 271 319 116 114 650 801 639 141 29 173 421 486 849 806 717 525 461 231 328 929 136 429 369 649
265 915 629 656 640 721 921 636 35 756 46 173 56 460 93 741 622 200 138 20 890 26 779 232 858 242 325 807 971 787 475 500 962 40 437 923 740 716 489 285 767 820 173 450 965 813 952 666 541 604 531 521 511 906 363 718 946 388 843 130 24 740 108 457 212 977 780 906 209 190 191 461 130 670 120 265 161 627 878 628 568 209 871 159 521 397 917 671 742 500 378 796 936 606 381 918 304 839 418 268
36209 39711
100 2 0
855 1005 509 1046 983 754 732 713 674 975 590 909 741 627 568 977 363 861 941 916 738 977 188 677 778 536 920 820 747 586 602 775 632 847 780 1018 697 821 789 1040 813 607 408 584 735 705 421 979 584 413 803 310 1024 1044 800 825 476 693 496 629 848 819 770 480 602 800 1108 555 682 670 875 843 489 775 628 955 892 760 1141 558 732 782 971 393 987 860 1059 651 731 727 1130 545 723 990 486 575 703 979 613 945
919 752 389 678 803 595 171 211 52 449 38 658 673 470 256 447 834 329 937 998 325 918 33 576 448 118 825 928 306 393 53 100 535 495 794 659 951 705 232 627 566 163 438 408 329 638 7 892 965 6 648 10 624 848 958 360 828 514 266 983 335 368 77 124 84 42 993 116 95 6 957 946 18 670 846 248 746 194 573 30 393 420 573 285 434 430 657 947 791 147 296 332 722 927 135 69 453 728 818 352
866 178 155 678 969 371 686 424 829 867 330 908 781 305 376 664 204 13 809 191 288 130 17 215 106 392 861 478 154 458 693 439 296 548 682 793 994 930 46 26 113 337 398 262 650 662 777 986 317 136 141 638 519 679 198 334 224 961 93 279 948 632 938 58 586 325 602 946 686 274 534 213 606 859 105 980 767 523 623 3 326 445 822 55 773 665 895 2 283 250 881 393 842 609 161 191 639 364 418 481
36381 36418
100 2 0
757 679 852 1225 770 282 783 934 760 1133 627 598 672 558 1057 569 961 1086 715 715 825 532 682 823 687 499 907 639 598 991 615 840 647 637 1169 842 666 1048 596 807 677 729 616 921 371 907 900 851 598 726 708 646 754 1019 817 481 666 745 824 474 569 916 756 628 441 894 1053 770 881 631 856 700 678 722 944 963 502 538 627 862 816 904 984 565 803 374 564 623 878 1038 384 672 892 843 736 667 937 909 1000 443
356 787 241 469 507 6 152 603 384 715 832 370 725 95 75 433 914 945 71 91 810 95 162 52 140 386 645 75 11 992 440 508 252 589 769 906 603 569 636 15 516 696 122 196 618 956 977 831 418 683 510 151 245 96 197 657 88 346 453 416 595 566 308 398 715 429 741 141 447 389 948 139 173 113 901 97 59 896 496 339 229 254 173 397 945 573 999 754 828 145 403 804 802 38 324 906 344 98 365 100
98 162 286 976 819 245 467 978 31 619 56 453 106 467 948 676 399 351 24 607 528 928 86 143 201 89 482 336 595 653 441 785 777 767 828 748 628 637 171 510 455 244 521 589 130 626 315 909 567 62 936 401 445 103 920 409 296 511 820 984 405 182 897 803 110 661 724 369 867 329 724 205 418 236 266 852 396 66 346 854 503 521 607 7 83 342 143 651 990 975 51 67 29 732 485 298 889 948 871 206
33727 36339
100 2 0
976 412 1112 860 865 245 836 522 743 735 576 790 354 688 943 706 987 1082 720 846 583 487 641 546 1134 727 491 642 548 635 996 620 842 722 693 872 678 1054 573 1000 972 961 793 808 529 425 502 875 601 339 466 405 882 554 503 746 570 808 511 851 768 684 1029 866 697 794 502 882 159 769 440 608 1107 960 594 725 727 847 735 509 435 343 770 760 841 948 522 771 1109 870 923 775 723 798 640 948 1055 810 716 858
1 168 750 725 279 463 274 28 474 315 604 142 168 634 916 695 883 969 126 916 16 545 309 345 256 578 259 576 1 228 221 288 668 986 488 467 941 917 55 573 885 937 695 902 175 250 664 270 596 188 164 267 998 669 77 892 711 588 105 443 592 574 972 557 560 300 73 256 27 221 280 985 534 621 302 402 467 155 240 862 321 83 93 709 57 216 734 22 664 311 94 239 927 476 530 381 101 629 431 757
823 433 582 326 829 102 25 404 220 373 618 454 259 342 599 442 62 914 248 445 379 428 508 645 849 15 590 474 194 527 548 472 20 951 265 886 659 541 895 508 11 735 287 254 321 148 500 274 287 138 794 27 905 187 754 180 435 847 898 236 831 808 998 979 240 359 913 408 463 434 466 152 352 794 943 854 275 646 434 14 172 145 830 87 610 260 135 668 863 43 637 753 789 784 255 853 739 123 782 324
34109 36215
100 2 0
539 564 604 864 1149 727 481 772 901 706 780 806 810 746 870 1167 995 1075 576 661 518 742 1162 814 603 439 1026 641 737 1003 612 992 576 778 715 493 533 857 875 643 667 705 667 663 700 1055 938 561 633 608 731 723 933 1152 801 676 667 789 995 1008 811 723 773 821 836 654 856 912 678 1132 540 431 442 513 763 804 848 586 636 466 854 818 1226 1064 732 645 1075 1050 726 974 659 677 769 559 856 626 951 294 738 678
836 84 299 121 335 351 749 596 855 981 527 799 513 619 801 906 509 920 573 735 128 253 828 654 112 115 591 206 931 153 706 522 63 676 799 737 432 669 161 28 578 449 43 189 492 508 459 900 641 58 50 281 246 691 537 905 933 940 362 553 659 269 100 27 588 574 76 699 633 856 99 872 7 253 276 339 607 383 962 121 812 122 980 625 161 673 320 508 846 521 592 119 967 839 206 850 163 370 49 214
268 367 597 833 995 89 12 512 729 558 22 617 398 719 961 662 170 711 234 664 788 649 895 705 614 615 538 384 557 919 693 794 297 540 733 69 257 916 697 45 203 527 719 890 326 954 651 55 200 735 311 260 407 917 712 182 456 767 582 475 785 806 346 792 919 820 261 966 750 655 604 808 4 594 717 366 772 195 64 310 652 479 326 639 742 413 916 726 590 805 571 429 720 414 470 630 430 306 675 827
36769 41585
100 2 0
805 828 860 794 714 970 593 578 653 733 739 717 756 868 732 603 901 628 612 316 519 887 805 652 711 675 710 1086 739 833 997 680 749 956 508 770 634 557 628 1002 699 986 833 1052 1102 1012 831 840 802 1053 923 668 493 957 1160 884 831 538 653 424 883 782 900 755 709 981 736 873 704 358 664 837 465 1025 898 658 764 614 523 499 1042 611 902 230 681 832 729 568 842 812 742 764 693 555 428 763 1163 603 1183 905
34 668 13 945 650 388 111 333 244 671 426 304 513 508 93 32 562 658 817 387 200 688 190 277 299 315 450 817 154 705 377 489 239 399 220 582 208 160 457 845 949 751 174 888 909 947 604 216 734 440 165 715 361 77 830 921 522 729 955 870 128 179 941 568 88 798 132 653 649 442 509 988 128 985 25 488 954 686 635 419 915 238 967 161 809 43 803 416 943 4 319 960 386 911 148 598 238 569 934 488
918 667 113 448 502 605 756 914 328 975 832 563 232 388 471 823 840 461 61 25 443 158 536 511 347 434 598 997 824 680 938 183 358 379 862 67 574 642 344 740 416 868 285 792 365 721 517 100 615 777 532 468 149 933 956 324 824 399 867 101 535 594 816 208 482 697 20 676 632 321 515 152 1 142 824 400 243 870 74 232 230 623 887 153 742 338 524 733 267 868 42 700 74 40 296 805 969 230 900 492
37823 38170
100 2 0
442 1020 901 607 897 604 347 624 869 788 710 1050 286 703 585 669 614 816 728 688 953 688 882 770 407 436 1030 930 778 667 790 671 628 464 680 885 882 354 831 1046 987 920 427 451 760 528 992 994 1041 562 539 481 620 717 588 713 497 645 766 696 905 920 574 864 914 417 756 915 648 709 898 1061 632 892 1075 913 824 462 876 817 646 648 668 879 999 638 768 614 467 815 900 848 596 716 978 890 504 456 858 822
290 750 494 170 993 518 578 614 206 429 689 19 222 585 190 236 436 420 747 21 690 124 765 236 692 141 329 395 740 265 242 6 781 322 749 108 496 557 875 976 528 719 52 76 670 764 115 962 771 660 605 27 185 156 465 867 400 734 919 739 722 968 8 140 926 372 577 947 381 37 462 210 557 724 561 161 104 142 824 366 580 742 991 370 617 609 531 622 13 94 866 442 656 297 74 12 22 60 72 408
783 405 45 260 151 557 96 128 822 870 246 816 856 306 914 386 19 755 388 406 931 198 347 664 188 614 474 870 684 274 387 282 702 222 999 991 718 58 129 211 520 517 981 905 303 487 740 555 662 209 436 810 32 53 897 173 601 693 447 115 544 397 570 665 75 159 515 186 913 866 260 945 365 530 909 375 480 222 662 126 915 236 283 114 55 396 646 506 876 887 440 601 787 846 726 261 5 74 923 621
34333 36938
100 2 0
1069 740 785 1130 937 541 813 997 827 954 603 523 905 673 1000 306 881 758 594 716 540 716 771 695 722 672 829 621 520 692 875 567 656 528 934 584 723 626 914 563 889 1045 850 493 675 485 826 922 1178 542 612 693 539 990 726 1008 566 877 640 802 761 712 304 896 805 522 599 1015 960 612 881 891 535 662 732 966 750 1025 512 1186 985 382 426 538 879 502 733 639 460 802 450 562 1087 744 981 836 1042 737 581 572
135 997 850 971 321 83 101 575 333 382 476 459 490 781 128 156 557 442 103 268 740 461 833 725 435 233 341 470 394 41 534 120 515 792 522 413 853 507 348 797 362 879 422 319 185 641 760 498 946 82 799 178 692 503 55 665 481 442 222 378 868 586 85 534 240 291 112 877 608 21 352 900 422 293 988 481 116 542 276 624 700 325 17 51 176 47 462 58 361 484 759 288 776 896 99 441 893 381 131 53
723 666 176 662 544 657 430 497 470 883 923 158 411 388 797 343 376 343 222 26 35 407 656 903 37 499 80 728 611 911 685 467 661 57 166 10 313 266 828 221 668 553 388 180 454 55 539 118 643 445 551 840 480 757 673 534 275 266 436 667 9 64 5 185 359 227 336 328 632 914 158 118 1 480 872 458 757 605 538 977 961 593 336 460 759 572 698 264 747 486 159 523 560 986 379 111 384 88 751 920
33604 34889
