20
10 2 0
826 636 655 988 604 365 962 607 529 840
617 422 349 961 672 668 981 71 42 980
57 147 823 761 28 34 903 987 64 611
4322 3311
10 2 0
1097 543 992 668 1029 560 379 914 570 644
723 19 768 324 271 494 328 255 431 169
962 753 451 375 891 615 364 628 619 731
2836 4791
10 2 0
371 891 876 293 266 494 648 878 515 1187
83 11 493 82 55 112 566 460 488 551
596 998 549 195 24 590 54 759 505 943
2175 3909
10 2 0
512 433 792 1033 925 862 564 681 419 862
429 302 930 725 879 601 232 221 237 556
281 303 598 809 26 252 631 240 156 966
3834 3196
40 2 0
461 707 898 654 604 546 902 907 532 658 765 433 823 1018 769 670 1012 765 817 1019 857 907 844 1038 660 1116 996 837 396 355 1019 762 843 892 337 660 1214 304 873 1021
175 236 447 802 421 331 339 368 495 843 743 157 892 997 22 164 911 980 791 789 191 561 367 582 351 584 768 973 307 496 234 522 880 692 378 214 484 254 905 967
505 989 414 188 186 281 880 781 26 12 667 704 52 851 837 605 512 407 60 791 862 612 325 690 272 770 604 215 380 45 808 342 703 341 117 379 964 138 745 162
16209 14416
40 2 0
1303 943 362 856 845 811 509 558 361 782 593 852 1034 941 782 890 747 1013 398 928 722 945 993 891 1023 1097 1273 1006 1229 865 1144 721 829 717 1019 547 869 511 1163 823
753 114 433 512 994 846 539 848 218 734 572 646 668 861 955 618 393 720 432 789 109 325 388 991 740 897 555 443 941 802 852 599 214 15 743 193 529 179 888 591
962 794 273 491 415 27 147 229 145 78 345 251 570 144 72 680 787 952 287 142 872 866 620 404 620 957 1000 920 909 848 521 593 568 976 897 765 264 27 524 314
17729 15942
40 2 0
658 882 604 860 1110 553 714 326 1054 1044 747 514 969 762 642 511 886 924 531 847 1025 803 857 1358 495 547 556 1051 583 713 1114 485 1058 1057 687 1054 682 557 663 546
378 721 101 244 676 72 728 59 969 981 68 484 371 662 577 6 867 651 26 167 726 562 388 979 77 529 120 696 169 996 484 255 830 800 412 610 408 735 221 100
911 795 396 569 900 792 688 565 847 865 879 270 614 785 408 807 610 281 582 935 944 550 413 942 441 360 616 605 734 404 750 505 917 508 247 785 558 7 530 82
14178 18297
40 2 0
934 460 314 734 561 368 1311 798 1053 918 953 418 755 748 610 446 854 280 1332 594 872 793 857 653 1162 961 679 682 929 841 620 753 664 889 538 502 788 482 673 890
713 565 209 690 76 228 900 792 736 758 907 159 241 956 708 209 518 224 905 159 764 433 324 330 762 642 109 7 677 544 566 457 281 933 307 314 623 248 121 827
233 289 34 724 958 41 850 234 498 851 837 576 380 47 352 324 943 128 893 476 684 348 949 924 931 296 284 688 978 870 54 467 972 204 707 654 890 142 420 633
14941 16322
100 2 0
909 1023 545 478 522 639 348 638 697 527 839 608 494 398 1027 889 1215 874 1299 990 857 595 970 637 579 431 615 217 650 906 441 1022 554 991 642 734 906 1109 465 351 963 647 451 915 498 800 604 633 468 919 800 997 1108 935 830 665 275 486 760 1365 885 889 987 828 522 792 840 909 823 838 613 347 445 853 769 602 558 377 259 849 749 1044 666 893 1080 1002 469 861 535 424 524 526 1034 1080 624 794 765 940 1043 417
883 563 587 867 45 259 166 691 173 37 670 639 269 616 427 852 945 892 815 933 970 325 651 697 421 665 122 179 168 992 431 955 652 258 206 258 796 866 309 447 800 359 447 911 627 231 232 675 237 889 466 995 590 522 936 194 270 710 899 847 118 424 829 172 36 193 13 326 739 268 773 57 1 941 782 320 465 147 172 727 271 738 369 558 317 450 188 521 103 147 615 192 895 864 330 40 596 997 742 299
317 851 110 37 403 230 251 505 422 690 1000 306 7 74 779 570 972 395 960 144 476 812 560 2 158 66 681 71 607 414 79 220 219 824 928 538 119 600 232 210 977 325 175 138 6 630 272 6 52 645 705 775 735 515 616 190 72 84 281 952 767 360 606 677 907 486 901 684 812 798 358 117 462 610 503 109 293 143 185 697 500 666 693 312 951 693 537 292 279 315 326 552 611 751 69 634 798 550 515 471
37701 34485
100 2 0
861 320 473 772 927 887 772 1184 999 923 494 811 966 415 412 430 1059 508 1308 657 951 902 757 482 1141 543 818 1076 810 1282 465 437 555 891 1056 1139 596 562 857 717 634 764 530 555 718 811 704 887 855 777 1223 1091 381 1083 1063 359 696 451 558 1242 760 1167 768 932 720 506 543 1299 869 878 918 794 639 492 538 727 978 663 638 439 436 703 631 218 365 1140 937 746 769 742 980 649 833 879 748 733 803 909 496 1012
860 308 367 527 939 907 46 971 567 292 310 746 276 122 37 186 676 180 753 853 936 519 813 152 450 133 759 929 973 868 734 382 39 612 510 925 937 814 266 425 93 462 860 553 958 736 488 945 960 220 897 615 231 594 770 70 34 464 987 927 774 794 921 535 846 80 442 865 568 104 772 11 780 155 109 303 417 1 359 218 240 233 466 153 519 484 907 435 594 268 899 59 641 546 627 92 614 366 527 900
619 220 383 216 230 723 637 782 707 930 521 187 921 53 85 526 682 502 937 407 303 568 395 579 896 844 452 523 368 917 101 9 887 762 654 901 184 148 981 546 682 777 49 348 227 868 707 557 421 717 825 832 95 785 593 255 789 53 76 999 331 656 35 535 109 708 524 927 257 981 475 928 205 79 942 956 835 520 420 462 126 885 364 140 74 812 121 564 539 881 666 967 371 825 101 474 817 687 16 228
39440 39363
100 2 0
721 385 907 995 651 945 828 550 1081 829 765 615 1070 911 866 275 336 676 767 538 798 699 1027 722 594 1147 848 893 851 588 378 757 507 819 1037 245 645 783 437 1265 968 855 329 1173 905 846 970 221 847 845 464 1015 1001 1019 1139 820 967 337 676 828 1134 953 448 881 329 815 806 725 410 728 906 803 923 453 976 664 568 488 808 656 661 766 1303 1056 967 620 891 637 1028 696 558 950 635 628 1017 672 1024 551 874 820
321 347 152 424 324 349 660 772 678 664 232 361 287 458 213 225 110 769 818 163 412 358 608 679 221 353 747 733 626 154 635 655 387 470 619 277 440 151 443 858 254 716 28 665 813 287 786 254 659 83 374 840 873 655 768 905 420 62 456 858 479 136 601 74 97 111 275 208 70 760 711 778 10 354 1000 183 925 643 323 488 275 479 910 503 887 518 663 392 899 531 171 505 718 419 708 182 567 186 872 614
544 269 722 656 314 713 517 54 990 761 440 534 952 507 952 170 437 103 564 516 721 906 522 467 893 995 354 433 703 265 88 254 212 384 662 193 286 935 311 951 961 904 44 811 23 635 984 121 379 984 222 990 674 820 804 302 940 36 168 188 856 950 185 703 203 712 841 547 649 87 340 464 868 539 128 322 68 23 612 528 490 348 753 802 690 657 518 661 982 841 621 922 383 478 914 496 758 502 493 629
36100 41102
100 2 0
958 493 774 655 424 1016 1013 737 901 879 1058 451 805 1267 1078 424 1288 829 315 726 1230 255 697 808 978 670 617 899 1115 636 1090 515 847 923 843 540 1148 748 440 416 531 265 577 412 672 589 599 768 442 291 982 711 430 793 947 526 744 829 1255 825 1424 776 832 756 544 282 1084 914 717 772 1137 763 765 811 768 43 624 502 856 1059 1087 672 842 890 423 823 653 907 1160 719 630 986 313 965 954 734 937 695 671 656
358 482 765 373 337 445 526 876 272 186 992 646 124 850 951 9 795 493 265 680 590 6 52 797 340 794 337 88 808 528 950 642 232 769 428 460 624 523 151 21 19 80 648 646 897 325 392 59 3 96 883 24 173 335 512 42 371 763 983 792 986 740 497 626 108 93 854 270 477 396 552 483 267 956 292 9 493 65 772 284 590 928 85 511 121 717 61 284 741 365 446 231 332 822 948 361 701 754 590 205
982 429 657 160 124 805 540 452 643 799 432 166 577 941 354 659 843 719 42 433 910 94 734 15 899 39 582 784 515 153 311 21 708 317 611 174 727 901 204 652 194 434 455 79 81 308 756 580 682 473 611 722 304 956 611 863 699 286 603 797 885 181 882 749 569 145 937 752 714 497 904 125 628 373 962 55 196 639 673 920 971 244 638 464 175 25 360 676 957 304 333 916 273 550 179 883 488 166 54 994
34965 39028
250 2 0
574 581 482 843 1044 1007 547 1115 1055 1032 502 594 628 622 682 530 1065 555 618 625 880 830 523 456 1012 782 819 512 775 692 647 1129 580 521 1272 757 1216 678 635 1050 507 842 885 705 847 964 584 592 900 319 1056 935 841 801 951 538 1188 547 982 931 243 912 656 787 883 799 634 1350 837 798 818 756 770 766 594 594 695 813 942 590 798 713 515 886 369 1035 805 1303 592 551 491 752 956 936 493 375 943 810 775 1073 606 481 871 435 960 1090 596 446 1048 70 426 706 1239 929 541 618 773 766 713 643 394 1163 576 1063 709 1008 1024 681 968 658 688 866 1286 895 582 610 737 961 614 969 641 546 628 406 851 467 334 886 815 931 894 1104 159 124 952 969 1013 667 549 651 1092 1029 772 1038 728 1431 975 495 514 421 402 525 605 403 782 374 632 729 979 683 680 681 525 722 781 959 402 876 824 903 957 267 1410 906 838 1002 974 286 613 1194 1338 759 997 833 632 1190 604 918 620 1108 998 762 996 479 534 447 837 1045 418 955 1000 981 814 911 1051 1072 817 1064 485 330 916 560 734 695 1087 459 687 1228 987 749 769 1050 638 631 465 1105 677 812 818 1088
191 805 148 848 865 810 866 856 911 358 140 228 136 46 306 98 959 534 299 566 844 313 315 320 515 125 749 726 474 381 779 947 476 251 711 843 691 384 567 557 21 51 462 745 997 728 41 400 993 153 451 880 500 777 278 546 922 182 973 982 58 390 747 998 492 462 63 950 503 236 730 529 577 87 255 12 314 263 831 154 457 247 339 778 246 521 617 901 80 319 698 374 334 237 651 91 694 748 430 979 260 405 695 581 688 827 648 157 358 35 135 458 943 730 607 595 127 269 299 107 228 612 294 387 833 916 592 734 859 772 208 591 712 623 475 73 359 976 208 756 177 466 41 190 769 380 431 742 827 654 675 475 39 31 662 286 770 574 296 183 482 995 320 638 691 1000 523 308 242 10 570 550 337 17 875 50 232 881 934 370 385 458 100 293 504 499 310 708 741 912 661 88 848 336 688 380 915 175 890 690 982 571 100 859 222 924 820 975 172 478 847 569 526 82 815 67 871 287 417 144 155 774 290 427 958 702 466 649 147 118 367 162 46 238 923 269 455 553 605 910 28 968 422 502 812 253 295 365 497 392
771 54 76 679 248 913 71 646 544 896 813 867 800 835 918 485 252 19 522 530 221 518 674 12 566 555 625 66 201 978 162 874 330 103 998 364 762 0 580 986 579 900 810 558 399 591 136 317 744 287 687 610 865 461 854 484 530 304 627 399 28 650 410 485 629 795 701 992 350 796 797 548 897 794 838 478 176 893 171 923 660 792 120 110 281 838 538 780 923 561 132 219 591 653 277 227 414 77 138 396 688 390 734 200 588 362 229 614 814 29 445 253 744 570 471 412 771 412 928 703 414 884 416 885 43 546 909 491 151 473 580 718 961 886 390 575 657 940 245 317 898 140 780 408 387 91 12 587 413 376 443 845 69 147 446 996 451 530 581 724 901 171 994 553 450 960 817 524 130 169 226 34 80 315 570 440 644 50 384 425 86 822 718 386 745 537 279 167 667 199 494 53 975 527 757 972 305 255 128 883 911 797 954 741 682 639 383 35 710 797 996 176 899 220 198 61 765 917 348 982 961 620 802 596 289 981 963 970 209 145 784 517 643 402 732 88 269 936 949 576 750 794 509 125 6 970 752 819 485 996
93220 100152
250 2 0
922 1073 596 1141 1028 1149 467 543 1095 345 700 537 454 1031 798 834 812 1044 648 347 733 1059 693 717 662 752 970 895 1006 1127 674 969 889 858 739 502 878 242 923 405 664 710 818 509 725 835 920 1040 680 382 1215 997 1035 785 480 640 952 849 750 495 1019 782 1103 763 915 778 252 1080 1327 1017 578 756 725 780 1054 885 1149 751 671 647 449 486 864 1141 207 535 1005 443 344 746 497 502 835 832 969 862 929 910 709 764 697 543 957 596 925 1068 746 559 603 772 487 1057 622 1017 331 592 638 486 821 746 821 798 1037 814 730 529 973 478 1030 952 613 730 635 769 913 585 509 999 1194 410 300 1307 102 736 612 412 707 886 650 760 1345 948 770 941 726 635 946 407 976 833 363 260 642 609 813 609 604 684 609 759 1151 774 464 827 1158 1062 794 649 935 907 678 1082 751 1108 1121 965 460 458 998 796 1107 373 239 693 763 762 768 672 780 548 959 1064 570 840 853 1196 884 924 615 1081 491 869 981 531 712 876 991 552 384 1028 708 1360 409 1133 489 754 869 699 739 725 201 913 669 1313 779 689 791 343 897 873 815 846 1054 784 815 835 564 548 687 450
646 627 229 760 585 732 360 545 883 57 638 170 736 815 275 561 619 722 190 329 783 547 936 433 834 976 326 622 616 753 12 750 854 364 361 384 623 367 919 545 606 435 168 730 879 608 877 872 642 92 998 132 722 570 128 444 901 912 406 248 945 741 814 252 821 359 46 994 749 665 314 970 559 918 620 44 472 681 635 56 209 78 898 674 27 263 726 331 299 557 86 637 805 734 419 493 808 872 384 1 553 232 727 7 211 479 915 247 628 744 162 765 698 821 480 374 55 651 944 841 553 817 482 551 852 78 976 63 975 363 681 168 286 772 981 424 421 384 626 448 94 960 61 719 980 199 348 721 493 511 992 410 580 521 409 852 625 301 825 802 136 203 247 961 857 290 403 460 529 670 869 41 330 473 928 381 500 138 415 832 691 805 83 620 923 691 696 337 275 160 460 126 278 92 185 208 422 805 778 468 806 967 26 7 435 776 755 975 364 568 420 883 752 520 399 846 589 896 190 440 479 908 308 996 285 669 586 63 295 338 246 427 674 896 690 426 447 321 57 205 173 794 740 119 374 555 286 891 941 187
314 735 415 993 689 914 193 135 870 332 238 249 110 820 966 976 990 615 769 261 496 796 400 986 73 181 866 918 530 572 671 850 824 417 657 396 418 23 907 256 66 944 840 30 276 947 929 519 416 24 777 967 661 156 356 403 686 172 262 243 554 180 796 508 184 742 391 499 965 847 53 84 870 613 891 800 944 639 85 624 364 213 169 700 376 482 769 184 342 572 368 261 84 59 819 982 729 49 172 896 753 738 532 687 767 993 359 231 411 379 171 459 50 957 143 405 433 34 239 552 892 507 823 511 213 829 656 814 534 759 193 516 947 664 172 47 98 871 951 366 490 759 90 623 40 45 421 339 133 164 757 519 122 721 863 187 509 114 600 136 530 179 111 225 528 277 374 767 347 273 681 936 521 190 408 907 613 521 828 877 519 782 775 857 730 382 106 45 904 865 757 228 24 481 486 484 800 532 737 565 166 377 930 899 331 650 352 108 403 910 154 770 549 439 288 460 994 54 148 953 18 991 98 951 624 837 716 586 340 211 19 912 178 912 863 470 802 4 985 968 625 87 513 919 629 843 32 110 352 121
99303 95583
250 2 0
711 829 1118 876 712 294 1120 527 727 696 901 748 789 718 324 410 631 815 562 708 324 888 890 96 624 453 485 542 613 942 948 470 893 689 843 563 485 865 542 655 773 835 684 1222 920 454 924 894 691 944 615 935 852 608 1134 805 356 745 505 686 553 1199 940 1054 704 851 270 664 695 672 743 1043 1056 776 655 1042 852 857 169 253 379 583 163 1107 668 1224 319 947 744 897 450 691 1013 596 586 718 1002 667 96 804 1074 1015 946 867 292 759 865 588 859 599 1085 476 859 414 185 406 524 861 679 743 825 957 431 183 984 984 848 883 817 697 594 975 540 840 1161 651 490 469 399 795 1097 589 424 880 939 600 842 1275 524 672 1282 633 605 671 1081 1003 643 1049 644 658 856 404 823 585 743 551 944 760 1115 816 1202 479 708 703 567 110 752 523 1096 418 508 1215 858 823 978 914 699 1426 707 1098 412 886 814 225 804 905 789 706 887 796 782 620 772 767 531 830 997 865 1005 730 993 653 496 1143 574 893 889 264 577 759 727 549 935 558 892 878 1261 928 1031 1055 479 466 214 1082 511 1049 992 796 1048 469 633 454 979 1051 474 861 293 931 726 318
23 682 676 942 632 379 878 873 532 51 393 829 350 287 343 59 571 577 442 312 359 458 301 40 913 25 42 764 425 764 772 329 606 473 440 509 484 556 304 506 618 380 51 892 960 47 727 700 975 617 355 951 280 435 989 653 210 990 345 596 490 824 872 969 433 654 145 264 362 622 362 245 560 645 816 642 418 708 22 20 325 6 42 620 877 830 266 216 976 956 240 80 700 600 644 121 515 232 97 131 274 826 770 575 326 505 369 361 737 883 843 42 601 292 145 123 150 367 456 596 205 747 213 71 235 980 503 363 320 280 75 946 407 533 745 776 826 686 290 259 607 560 21 592 948 915 628 762 474 254 894 92 72 81 537 758 162 184 189 440 208 575 711 757 142 486 601 531 514 80 993 159 244 375 26 66 17 655 310 134 280 677 293 602 919 232 759 897 785 645 72 933 264 44 598 830 418 841 624 729 318 292 254 396 275 394 821 608 836 328 980 73 54 805 780 427 848 139 226 165 704 306 67 170 390 747 851 911 662 774 123 675 198 783 268 469 315 370 592 229 921 288 262 851 143 512 247 412 208 47
810 76 700 158 742 48 611 37 149 670 484 216 406 356 13 101 674 56 295 485 38 562 576 87 191 738 446 112 722 126 690 60 259 721 529 3 477 262 628 714 68 663 990 860 467 139 406 585 8 737 413 715 657 419 577 581 264 479 340 380 551 649 904 161 210 255 314 379 488 388 749 886 682 139 199 723 428 33 307 485 194 293 95 821 195 798 252 835 475 243 85 542 357 205 369 581 817 934 37 743 993 500 835 984 126 851 766 685 651 29 542 71 441 313 180 94 325 579 652 320 591 845 578 182 781 315 955 950 463 446 928 241 139 968 914 426 60 147 117 559 959 25 737 648 668 271 821 878 12 540 930 770 913 692 762 873 136 938 601 830 959 228 503 13 351 562 326 664 861 945 984 413 431 596 432 98 800 173 900 527 493 758 978 733 762 769 199 966 358 853 621 787 914 58 628 503 936 534 826 691 778 842 292 400 630 925 926 606 538 585 56 362 465 615 243 470 484 182 419 471 419 636 950 665 561 29 942 574 887 352 95 135 110 687 443 965 678 794 823 259 329 327 828 582 138 783 31 584 887 307
88972 94758
250 2 0
277 837 975 448 317 817 539 1123 382 449 1169 300 363 979 936 1132 609 855 836 783 819 831 650 638 687 489 680 794 841 837 670 808 487 599 877 542 650 982 719 541 640 243 1015 802 789 1158 908 204 389 1278 546 1084 569 349 586 506 1141 437 616 801 803 1140 812 939 733 811 709 1066 456 411 1033 512 838 1020 745 867 1272 1022 685 732 535 1161 1150 486 229 486 993 792 564 578 1080 498 634 319 642 948 1058 959 847 731 1085 863 409 785 149 954 724 857 1152 447 546 848 539 714 368 663 806 732 723 1251 1133 1183 915 1058 695 547 689 540 699 744 548 1245 378 665 405 825 540 1007 415 958 734 270 1065 471 874 865 863 1129 375 957 407 766 776 467 818 654 616 456 529 214 786 421 1156 289 1293 793 584 798 1052 563 778 829 885 699 713 876 892 789 874 429 734 479 389 524 390 455 588 1169 1064 837 1245 1171 834 857 936 809 770 1030 532 322 841 1056 878 1341 636 711 310 735 406 798 605 930 449 823 881 593 645 384 690 1141 524 970 583 897 359 543 836 860 929 388 700 629 785 143 712 570 920 260 772 686 427 660 994 409 143 924 307 762 895 763
41 460 701 397 103 265 398 779 186 128 976 86 4 934 467 629 484 717 586 596 202 728 388 535 309 383 371 436 891 769 359 169 19 834 708 688 284 673 592 541 85 3 423 415 976 883 222 50 544 949 164 644 197 380 607 174 956 248 902 403 843 483 695 944 744 884 676 803 54 174 905 83 985 132 788 818 793 694 245 370 250 722 427 609 196 451 258 876 386 317 829 656 194 65 43 385 511 866 544 60 481 710 69 715 172 842 953 716 976 415 292 923 305 611 353 369 784 12 862 806 989 718 823 906 240 110 82 296 480 260 723 788 324 200 616 576 279 657 1 946 576 318 936 411 939 655 348 964 81 970 83 663 339 262 440 294 356 54 617 230 705 119 676 170 805 374 661 543 809 243 295 366 991 606 171 980 11 586 907 100 629 602 10 842 233 603 241 901 364 320 839 924 816 506 992 849 286 807 369 73 647 238 444 822 79 279 415 102 83 10 962 916 306 729 922 537 849 326 947 728 125 986 189 914 124 597 728 301 540 495 736 583 301 16 902 695 248 227 239 319 483 334 457 430 121 880 459 599 993 203
80 352 858 336 257 967 55 588 551 693 543 8 66 855 620 645 230 3 689 500 773 757 650 450 455 194 741 198 35 668 37 902 146 53 438 258 316 666 749 190 337 411 803 752 558 607 659 60 208 612 334 741 458 212 182 37 419 595 187 746 699 928 922 385 656 302 136 333 131 440 283 61 532 974 374 779 974 823 322 504 356 783 901 70 102 16 905 554 660 612 589 229 661 482 578 630 781 338 981 888 788 935 289 716 34 739 136 249 911 285 8 82 319 767 220 783 575 989 370 845 759 853 676 661 978 761 480 23 741 760 329 761 267 842 146 330 689 379 376 111 110 3 735 253 455 824 860 968 262 873 620 455 540 208 521 358 517 851 71 21 505 403 964 255 899 891 63 991 979 147 963 857 636 585 601 87 967 194 512 545 273 85 496 65 425 256 540 642 792 705 899 429 764 395 353 121 613 708 665 496 652 920 926 967 689 323 23 950 126 985 228 643 521 459 345 198 306 436 139 909 897 408 631 108 171 190 18 498 432 223 558 459 462 196 212 323 757 261 437 686 162 875 895 227 7 449 143 776 317 388
94203 92481
500 2 0
757 488 778 666 811 827 812 189 795 964 1040 1171 905 494 840 815 998 692 588 370 622 471 626 1262 855 405 756 884 475 447 861 1035 954 553 610 987 703 1156 483 772 1293 902 897 800 1062 788 960 559 668 1293 778 1046 871 1238 394 284 1303 1157 893 991 621 889 679 452 949 412 586 683 767 913 1054 758 254 915 615 814 394 586 775 772 1005 591 793 333 706 473 708 920 310 579 967 798 1364 572 488 630 772 909 899 770 944 900 815 712 995 935 922 934 671 430 936 484 1007 861 1178 1091 477 1120 1161 1227 934 741 857 627 534 1089 806 919 539 497 300 409 646 608 477 235 875 1201 916 823 878 406 457 799 1170 1037 730 815 879 355 520 752 495 784 1255 451 695 505 705 909 943 435 268 392 553 562 577 480 781 257 831 950 631 699 851 575 631 1164 685 788 701 656 1118 1169 482 1009 323 1004 1104 1009 631 592 625 646 619 726 986 1005 811 968 577 383 782 660 738 622 569 537 1050 706 1096 880 383 647 1041 892 435 624 664 736 606 634 1041 925 991 1017 837 1305 759 781 1167 547 709 673 396 701 836 776 634 1167 1151 612 693 1152 635 728 579 508 1054 1247 1203 523 1065 779 811 718 725 718 697 872 1013 1077 946 959 684 874 849 865 778 1252 533 476 942 416 818 995 688 470 848 651 715 600 695 1065 747 728 902 768 820 1012 1014 172 844 640 342 1097 823 674 983 873 496 318 892 427 690 983 815 892 664 1020 596 608 538 390 671 834 808 769 776 993 429 465 508 594 523 624 637 536 916 517 888 622 1076 624 956 720 823 604 726 607 564 864 698 810 382 712 645 963 827 1124 261 768 748 979 846 910 927 924 822 436 1048 907 685 970 815 674 884 1042 468 466 927 831 885 629 665 1048 918 754 1314 716 904 819 572 98 502 1175 755 825 256 1058 316 1171 421 1098 737 801 931 220 456 1283 559 1088 595 470 879 691 371 587 593 292 240 633 311 532 670 949 727 889 866 703 568 591 1292 858 1112 439 544 789 906 673 871 584 1053 558 1172 893 69 954 917 1009 989 254 743 521 702 637 473 690 661 1121 806 918 712 857 874 852 1026 1055 821 328 763 958 866 1045 1214 983 557 618 928 814 150 1018 770 812 900 371 900 356 686 736 1125 1091 481 1211 586 1116 428 1044 602 1065 460 445 671 491 588 708 918 430 583 569
773 220 47 462 578 702 527 109 811 864 719 851 533 436 325 524 217 110 339 19 554 267 146 963 394 171 884 514 614 312 939 992 769 639 144 915 154 807 133 329 923 236 267 423 498 725 338 394 143 815 64 762 393 857 550 104 859 961 865 951 613 979 199 93 643 599 22 705 621 410 236 525 56 515 399 171 467 803 873 357 21 399 709 551 22 139 755 756 240 395 537 847 880 829 648 653 450 549 875 456 743 907 649 302 875 987 479 647 697 444 183 188 647 834 807 981 153 611 782 984 547 921 635 567 249 938 716 839 606 13 130 539 134 97 102 259 164 986 108 845 371 223 262 687 996 472 109 755 126 98 530 986 855 723 907 258 137 559 797 502 780 705 127 117 345 281 358 201 752 65 786 495 812 598 657 586 328 420 268 258 193 32 810 971 136 615 251 746 446 702 199 60 441 204 825 831 920 748 656 357 247 278 743 455 252 359 223 492 920 18 857 732 180 577 806 430 249 432 340 376 343 433 286 354 221 206 141 680 779 612 770 472 653 54 245 42 167 120 144 852 369 116 311 684 373 30 591 819 743 745 903 44 684 333 388 274 648 846 22 734 202 949 694 936 20 564 849 526 548 886 716 690 541 272 463 98 67 677 760 498 659 615 208 759 280 160 682 375 854 934 985 12 142 841 242 759 679 493 490 978 545 348 707 185 317 588 58 640 402 958 304 88 429 76 467 740 308 351 832 449 37 97 471 923 636 637 262 402 695 599 597 309 442 726 905 396 279 169 147 120 768 168 352 927 227 335 538 860 532 934 375 772 499 425 434 998 421 458 361 544 288 722 749 171 18 413 784 989 466 541 737 31 753 384 126 920 850 606 710 562 983 538 243 134 129 637 553 909 149 673 40 988 410 829 156 874 607 286 232 718 13 884 156 553 611 418 52 74 646 182 442 874 18 179 82 848 644 880 415 722 11 837 972 242 987 444 84 452 515 621 800 32 853 454 957 934 7 395 857 791 355 300 541 53 885 103 819 2 26 978 664 773 328 718 554 274 914 941 373 21 468 477 999 670 710 614 238 36 283 571 14 387 366 712 909 71 577 367 275 756 704 540 186 601 868 744 62 829 237 1000 663 589 423 257 756 441 910 201 233 247
315 245 811 668 117 230 196 5 750 335 677 824 477 251 599 307 942 739 271 8 233 408 290 623 585 243 311 488 104 219 239 215 488 458 748 916 374 618 15 241 998 583 664 913 841 359 983 245 289 961 598 844 695 868 226 324 860 630 439 204 443 283 756 331 855 117 314 237 345 642 876 849 209 940 744 909 8 273 548 265 997 208 177 104 533 308 263 865 258 187 590 23 889 133 230 68 961 587 291 894 974 302 78 497 398 339 603 999 65 116 972 717 834 497 689 378 222 816 631 1000 831 77 971 521 5 1000 120 77 71 557 132 46 590 507 189 43 864 711 866 242 603 521 644 671 752 610 499 197 944 574 284 474 103 389 945 151 384 416 561 980 609 25 352 400 279 198 561 629 188 432 123 457 129 703 716 124 531 996 472 560 404 752 660 493 6 646 318 439 885 363 331 571 211 380 259 519 612 800 181 708 456 215 468 218 649 528 477 249 297 895 752 828 247 698 861 431 254 17 175 981 735 105 846 824 810 845 704 989 502 303 936 506 686 353 221 570 619 676 914 719 949 331 154 706 578 979 496 133 607 870 618 911 553 950 306 865 336 416 759 184 996 733 752 865 829 818 676 809 701 720 22 15 395 328 298 917 818 155 683 145 443 38 482 723 581 395 759 788 385 416 700 72 732 317 182 702 938 650 971 19 47 25 533 278 808 657 851 415 100 434 602 773 252 411 607 834 484 703 76 732 358 668 38 248 205 216 898 318 284 394 735 776 926 189 912 787 826 964 554 690 92 812 947 243 75 401 404 290 478 832 136 547 958 842 435 702 684 436 811 198 812 565 189 930 768 272 883 594 391 120 203 780 422 65 721 968 942 282 944 532 457 370 174 11 72 983 438 599 174 727 564 605 107 622 704 24 457 16 265 880 703 597 975 366 778 232 447 690 337 277 12 43 359 327 319 453 283 147 821 395 522 79 773 968 440 245 642 221 912 280 557 767 461 330 512 835 64 638 651 764 827 78 704 371 155 788 125 589 983 507 473 857 661 368 291 575 985 243 863 198 981 669 486 681 884 470 493 428 635 509 27 815 706 159 580 462 873 30 267 618 588 985 87 890 40 648 653 840 365 337 229 282 548 105 227 916 86 98 861 379
187491 189359
500 2 0
734 835 876 531 833 1047 749 730 1200 494 845 681 415 867 401 545 781 529 1028 255 1001 1012 1044 514 682 985 498 965 711 651 723 400 1099 600 806 1115 359 921 712 302 775 429 668 812 559 911 1068 1018 591 859 516 554 184 1008 671 779 1206 576 870 757 859 353 819 293 406 799 837 463 1210 1103 926 479 600 838 825 1045 778 1043 827 1130 815 779 659 481 1131 598 1277 1101 939 765 787 561 855 569 945 768 936 447 921 811 614 714 398 975 707 450 464 537 938 815 1195 390 917 582 806 598 752 437 617 568 632 810 821 923 147 1177 1154 723 659 753 759 704 849 626 479 939 651 748 697 896 1188 619 1013 594 808 778 675 503 849 781 654 705 1194 880 771 938 1267 1170 1085 519 783 1059 706 646 930 955 959 731 1031 413 493 366 572 788 903 364 561 930 379 952 752 750 1036 863 514 384 792 486 876 682 449 639 960 484 732 881 309 771 365 1194 298 1134 568 550 605 221 903 961 476 719 666 851 1210 785 891 1187 875 985 480 759 652 340 1139 737 1060 634 589 857 422 945 883 508 642 385 665 436 955 320 355 479 783 741 414 287 356 798 601 935 1036 840 620 820 844 936 1031 741 440 693 874 493 960 791 572 795 1044 433 1252 643 759 692 573 725 476 750 610 898 825 859 597 742 602 1132 446 777 929 755 896 793 525 560 515 1136 923 751 965 864 1047 433 930 803 878 700 780 610 996 880 1124 754 924 559 1017 751 601 574 868 840 995 608 380 968 1089 1237 1127 1454 631 588 536 219 580 1081 902 760 133 860 873 544 813 729 654 594 1000 700 856 326 852 902 603 875 976 1183 994 507 1111 1005 528 757 752 1032 471 526 734 670 976 590 406 460 622 663 746 1045 858 959 504 837 520 523 429 538 770 1352 588 778 663 732 750 517 312 836 511 745 787 882 671 513 495 546 946 853 869 754 707 532 1000 1059 785 744 721 499 836 517 902 278 554 520 529 178 840 783 617 924 302 992 865 1406 691 429 830 1046 1044 441 763 733 609 657 636 602 676 491 477 617 575 1194 982 648 654 891 701 707 617 588 833 1181 641 733 1116 523 703 366 626 585 949 854 599 568 474 593 562 913 676 1048 944 270 577 1046 246 999 679 914 494 773 560 852 812 1126 933 382 250 838 305 1066 832 769 1053 941 550 651 427 945 611 1045
466 504 332 138 699 215 345 587 957 633 373 971 312 797 81 253 379 264 607 66 30 999 796 500 615 881 368 936 561 702 535 616 789 195 607 871 116 631 174 66 469 3 454 315 570 88 360 697 34 951 162 412 63 764 824 528 618 246 281 829 433 295 991 322 132 847 525 162 806 678 294 688 14 80 581 676 450 799 262 727 128 212 300 199 727 284 797 918 856 568 183 321 810 263 871 292 792 131 804 791 360 696 143 438 899 17 440 78 557 136 980 376 271 130 632 80 613 703 58 394 311 777 64 631 57 770 789 872 163 176 387 162 996 399 29 612 299 453 219 933 548 269 666 162 515 175 365 404 127 806 371 745 456 764 789 851 591 601 646 332 50 683 99 75 703 888 829 517 905 139 571 9 178 39 730 62 991 633 227 735 802 379 700 468 423 222 167 433 698 523 497 611 816 338 418 871 121 90 260 541 12 933 123 242 765 80 861 881 274 173 968 441 884 3 730 752 803 758 698 247 270 239 418 305 982 193 360 704 93 474 144 422 722 103 416 234 498 500 450 127 968 634 302 163 44 193 224 869 787 252 295 793 613 195 812 393 225 233 413 179 639 452 844 374 862 380 990 401 461 415 375 45 125 538 137 90 808 500 109 392 647 477 169 143 314 619 656 519 92 916 43 991 832 222 919 738 916 143 982 269 819 751 835 351 778 662 677 16 530 418 898 189 377 982 404 512 978 176 640 639 862 883 892 971 396 133 3 80 819 786 815 90 92 374 907 151 539 650 483 236 826 631 775 165 645 837 439 142 773 910 829 675 810 557 134 355 849 120 483 285 466 787 600 80 342 204 185 524 130 873 311 457 757 306 299 121 414 228 426 855 554 650 184 612 901 393 5 188 429 918 859 207 429 245 391 438 311 287 369 844 274 239 567 279 229 588 545 156 784 128 925 130 265 33 201 137 345 739 857 828 343 986 834 977 293 442 444 850 748 201 1 416 525 559 979 554 826 421 26 200 434 939 368 97 635 62 672 382 852 331 225 486 415 637 930 432 524 124 46 335 581 583 155 406 161 309 782 723 424 707 690 15 807 912 85 183 132 532 416 220 146 814 697 589 506 134 215 421 104 651 642 487 306 697 531 163 244 986 664 975
730 826 532 470 693 895 787 578 655 278 870 232 270 65 509 720 614 121 694 92 978 582 557 329 578 329 111 175 229 145 812 24 737 914 751 563 586 875 792 361 463 521 468 792 397 973 945 723 304 601 664 475 84 484 457 141 953 477 469 576 953 258 563 191 134 458 686 579 839 720 843 30 260 623 667 467 275 648 665 692 743 852 863 623 709 473 902 635 806 292 456 497 314 244 611 805 706 106 348 43 58 366 186 649 237 765 383 122 652 940 574 298 628 176 704 461 334 171 927 520 272 452 796 529 80 706 678 483 589 992 533 586 237 349 272 336 242 777 837 71 861 318 981 278 741 598 685 406 600 87 651 264 998 356 43 730 996 774 534 303 777 539 647 600 312 786 628 445 698 506 80 116 130 565 713 46 69 563 459 225 27 942 766 769 603 479 425 360 935 45 16 535 909 13 803 705 130 958 272 958 248 837 789 499 362 141 511 540 411 670 230 687 561 681 162 742 345 734 243 846 101 215 942 281 471 984 592 219 667 557 950 209 525 136 821 537 758 50 197 475 588 304 110 55 270 541 450 298 913 671 248 120 716 793 734 357 591 662 766 597 302 706 134 407 396 84 733 438 496 80 144 997 827 170 805 898 525 970 536 718 460 937 547 991 977 415 344 578 100 46 804 340 128 983 959 549 987 334 331 484 333 301 487 485 326 593 639 934 598 142 287 702 519 46 445 667 830 274 38 461 813 739 478 995 627 251 361 169 38 846 882 893 130 907 308 106 606 544 824 623 347 663 769 45 616 429 494 809 824 565 644 76 528 859 668 570 426 982 309 565 754 430 811 352 84 27 705 426 857 596 863 496 35 410 289 484 75 207 926 894 123 671 802 338 471 348 537 661 84 275 520 683 146 98 475 219 681 683 375 524 628 140 862 888 561 335 195 220 788 490 75 275 63 945 640 62 909 431 236 662 157 550 546 965 783 121 571 731 601 293 728 977 477 513 63 267 38 91 665 772 490 750 725 823 137 816 168 351 180 309 494 947 500 295 519 327 420 303 449 648 794 304 341 172 534 622 257 977 19 725 628 525 198 434 289 896 256 595 80 828 561 529 904 807 761 571 84 943 217 690 276 961 839 538 437 505 587 870 37 983
178491 191332
500 2 0
493 589 1097 686 1089 205 532 337 569 591 493 559 671 809 746 1220 824 341 1053 550 991 646 783 904 786 1186 985 1054 894 331 730 918 759 740 404 560 320 491 461 743 921 953 609 420 1144 826 756 898 571 741 579 863 1148 1090 572 511 669 834 1077 816 942 1088 564 598 204 691 957 714 780 398 947 734 431 866 678 315 811 681 924 513 694 814 1351 701 973 1019 540 1190 1055 643 707 737 701 811 457 852 540 828 936 1150 486 575 294 877 668 957 649 1150 692 295 545 973 460 983 579 739 740 1227 566 801 533 892 682 772 865 385 801 510 677 936 935 694 505 1145 1097 1188 662 1184 727 873 1028 778 662 740 858 884 1055 1087 622 550 643 868 794 420 620 671 793 320 272 708 786 1006 921 656 756 969 762 953 696 458 648 904 1040 964 1030 617 467 508 550 538 1193 1058 851 697 669 915 676 1185 986 204 487 868 811 363 957 740 733 648 629 662 748 1060 1120 720 615 623 566 575 760 932 460 714 1313 608 494 668 796 782 1185 365 566 698 723 644 413 1216 582 924 625 801 721 794 926 590 511 929 1088 604 799 691 564 802 613 1009 468 1161 452 513 680 555 897 913 799 676 785 496 553 1072 759 1110 711 1260 839 807 570 1060 660 994 646 214 819 615 675 515 338 604 967 859 558 1039 993 933 814 1137 911 572 643 769 1076 971 1226 786 346 633 870 787 533 951 526 738 932 881 401 978 416 825 339 1083 620 671 317 1036 701 859 576 1052 912 1083 1067 398 438 912 961 272 473 866 948 1123 554 750 862 805 578 372 702 765 423 899 653 759 1269 723 646 736 686 1201 703 185 1320 142 560 942 995 365 985 813 398 504 630 971 910 1007 529 701 1099 85 913 849 574 1169 698 715 1014 1103 1401 944 1308 1390 852 1094 471 514 621 283 785 497 1166 995 780 639 963 818 526 587 768 466 544 887 543 836 509 613 815 933 768 733 775 404 834 1046 877 1238 682 632 968 725 273 1055 681 907 718 676 505 875 660 475 638 289 957 733 787 884 379 739 363 930 850 674 167 1027 961 886 654 199 483 751 889 647 859 895 834 1027 1383 1002 304 885 715 625 1381 914 1179 286 1018 584 846 443 548 613 661 1060 802 1000 771 963 437 880 1141 829 367 680 750 610 751 796 846 1105 521 829 271 951 633 457 1075 494 810 535 1026 511 693 905
532 711 932 69 603 165 366 414 217 33 169 754 308 747 479 807 68 200 783 482 985 343 901 754 257 611 406 784 767 459 976 96 444 588 453 571 47 919 31 806 989 979 292 425 941 558 289 934 63 669 129 373 555 765 142 589 853 800 766 504 834 785 338 700 60 720 444 574 783 328 396 352 137 105 744 1 320 372 684 193 855 65 848 139 585 673 818 992 914 272 606 592 664 994 67 487 151 494 859 933 290 526 223 949 557 554 326 461 91 161 75 666 568 988 552 794 644 818 138 319 373 904 849 623 373 442 235 645 993 439 794 188 277 988 903 728 617 540 584 295 618 257 452 409 407 556 820 806 158 284 413 978 883 283 394 817 746 413 402 245 265 970 903 599 203 916 345 980 710 90 812 816 485 856 264 173 246 123 424 125 761 858 156 202 599 490 60 978 990 71 115 240 645 376 981 786 367 700 599 26 501 593 972 554 180 560 86 415 947 514 814 631 898 859 513 653 332 418 806 75 551 495 635 244 226 936 166 813 272 397 620 122 216 227 24 666 985 581 819 844 45 109 670 752 413 595 126 209 340 610 250 492 550 763 926 639 325 625 448 802 594 798 890 354 35 903 626 834 700 27 720 315 762 165 232 435 951 222 33 987 574 800 822 447 553 406 610 316 763 479 461 442 535 344 906 609 136 971 116 548 382 98 93 659 460 41 569 538 308 312 330 887 77 73 103 520 979 627 795 37 302 618 979 198 170 780 690 999 599 494 896 253 138 328 628 512 596 942 320 767 713 551 864 695 542 954 415 108 990 177 263 923 989 422 882 432 179 457 765 569 578 730 507 428 906 79 859 879 691 593 695 692 872 630 924 615 980 987 422 568 194 48 491 91 480 577 576 828 387 310 943 396 747 413 972 500 512 697 620 111 44 24 168 931 68 150 298 383 817 502 249 899 113 663 896 885 195 667 822 778 961 321 245 79 787 76 727 50 769 317 367 177 115 196 461 667 411 634 176 944 932 149 541 164 728 780 609 104 854 784 657 129 995 439 549 242 14 354 806 207 540 165 782 31 608 136 25 342 51 499 938 822 482 493 126 714 880 663 194 205 630 287 597 357 809 889 328 634 278 312 24 532 981 652 519 405 791 436 36 403
214 245 911 963 625 187 538 200 23 250 181 64 104 348 640 869 869 395 826 98 273 828 353 321 710 884 867 679 719 180 420 743 262 493 52 266 104 11 543 480 332 271 522 12 498 611 393 67 211 533 87 450 936 727 264 372 79 856 614 835 919 930 20 104 220 46 556 362 495 55 647 137 659 965 16 172 788 460 611 56 499 913 977 624 521 486 32 495 811 615 539 269 203 221 7 541 592 250 916 921 166 540 75 277 42 980 419 942 750 399 713 876 215 256 128 203 535 673 820 519 617 256 216 377 749 267 444 329 192 676 795 316 661 649 309 682 581 950 112 577 987 737 536 889 482 839 892 781 916 378 246 473 38 104 815 282 774 63 139 984 840 899 56 9 742 641 681 167 130 756 427 390 881 924 836 342 16 300 628 576 847 895 893 973 373 817 517 916 555 218 572 658 874 127 767 310 333 357 34 495 72 729 989 335 131 62 347 682 273 922 86 305 960 224 127 493 309 220 951 254 7 839 747 502 72 697 214 63 185 437 37 748 660 545 737 771 926 117 706 333 326 792 127 658 355 855 472 190 218 16 570 949 332 560 565 95 71 630 465 464 697 918 232 802 970 277 356 483 472 389 660 719 80 642 204 338 865 516 271 93 720 478 609 915 520 471 107 799 957 713 997 533 20 760 259 474 232 768 659 667 822 703 464 940 212 745 29 785 228 448 193 220 868 899 76 619 748 832 794 18 188 956 54 149 364 134 675 326 340 979 272 463 897 242 112 916 227 503 635 42 899 108 411 424 547 463 641 96 813 81 344 866 202 174 414 767 560 189 24 762 504 452 204 275 767 57 868 508 130 780 149 724 692 865 930 956 763 861 627 629 567 232 270 65 386 254 796 518 509 960 304 507 109 495 250 366 412 131 98 897 393 323 466 454 565 985 934 422 604 639 754 925 591 8 598 255 208 621 208 70 165 582 261 787 340 240 4 107 785 932 232 782 17 869 186 675 932 310 85 491 273 961 353 43 50 718 507 594 280 235 342 953 862 832 27 829 995 889 990 758 995 2 409 582 602 304 363 444 873 764 250 529 291 632 601 695 606 234 34 389 699 780 721 855 505 904 659 651 26 804 480 29 842 185 900 286 731 305 509 977
193587 183859
500 2 0
711 480 423 339 929 859 636 817 1072 792 944 486 604 893 743 722 742 787 847 977 521 527 1087 753 378 826 332 787 746 704 992 328 784 809 908 775 403 441 601 382 661 1048 1071 459 1246 762 645 304 504 476 921 746 761 723 550 951 985 922 716 1205 827 610 595 754 451 643 699 998 899 664 608 471 884 970 954 688 1064 348 774 1188 1134 676 834 607 692 856 902 989 961 1095 800 535 988 739 601 565 409 1022 387 286 1100 613 866 518 190 81 639 1098 444 522 991 506 169 448 613 295 1099 462 1106 913 924 600 465 670 961 526 732 777 638 841 982 664 875 1246 1113 775 508 454 866 904 904 904 734 550 674 1008 938 745 770 468 621 665 692 968 821 272 476 359 1060 897 442 762 454 242 530 1203 911 820 813 736 879 1231 919 862 1089 736 881 694 809 1377 666 671 832 318 301 659 1315 625 762 546 347 1210 525 616 943 591 811 386 362 410 1031 536 720 494 1222 1051 370 150 689 161 579 706 900 1165 402 1147 602 941 630 685 857 543 865 743 1134 659 690 976 716 644 768 553 959 743 1274 762 700 276 297 652 345 1037 301 906 704 903 1182 1126 943 517 1104 752 608 969 768 700 692 1054 857 969 986 770 367 1040 657 1042 1343 596 1084 758 594 1025 826 883 616 896 1002 784 815 234 980 1230 894 768 340 650 891 165 585 978 802 805 772 851 767 817 290 844 563 889 773 433 856 803 985 1223 381 741 361 1012 1040 606 597 251 971 577 344 798 504 783 617 985 1388 435 743 522 1305 700 777 816 737 266 710 719 574 582 617 706 216 949 660 1040 457 368 255 488 1344 459 598 849 934 461 447 650 1032 1267 490 736 732 392 518 357 471 999 720 865 512 1133 1078 576 851 947 381 1007 823 621 397 985 810 918 649 879 235 1157 1034 888 503 720 1073 299 879 593 590 811 616 593 429 960 905 1037 357 491 508 346 1283 1005 576 847 932 1336 1145 452 708 436 915 273 483 705 1174 871 1144 811 882 602 773 689 394 498 1063 693 908 512 1046 630 775 1055 572 655 856 366 990 685 710 265 1106 472 837 439 287 392 559 643 742 811 247 560 412 832 1221 749 915 506 1036 430 666 550 1317 790 476 887 859 321 925 825 392 1183 888 819 452 298 474 670 445 912 811 1022 477 436 612 345 644 871 755 634 949 967 566 970 684 626
511 61 37 271 393 760 114 224 923 664 762 219 420 751 5 579 914 628 201 961 299 235 950 121 45 957 81 480 617 265 492 94 742 368 927 513 12 88 696 60 612 692 624 572 875 395 772 263 101 226 901 659 787 969 60 149 703 340 71 960 806 463 629 878 162 485 868 979 646 357 416 16 502 514 398 182 641 340 532 756 851 226 383 642 918 766 316 333 897 869 989 423 543 146 628 543 304 737 27 411 805 128 432 314 39 35 312 867 208 50 782 137 271 236 528 124 973 290 707 985 931 465 785 736 132 675 614 638 456 834 933 101 950 837 866 535 263 85 299 938 886 665 838 450 417 628 722 104 576 309 706 340 633 916 798 440 214 180 243 141 268 318 79 195 457 815 827 563 700 448 652 870 379 605 387 622 664 361 355 908 586 20 337 89 24 489 946 930 957 217 202 847 344 660 838 929 395 148 437 166 467 455 113 435 629 223 19 8 339 41 476 921 375 817 146 889 171 883 481 131 564 982 889 67 933 362 40 436 320 112 885 282 854 697 788 873 496 11 278 937 147 876 68 955 619 667 891 814 941 557 508 708 624 836 435 619 299 297 337 102 614 852 114 855 638 912 992 211 921 613 273 991 65 414 252 952 604 895 890 208 375 856 992 227 14 20 755 43 336 578 164 395 450 748 821 6 136 779 643 319 703 269 576 760 995 945 42 532 24 738 825 276 252 153 904 807 121 590 255 646 326 231 854 409 273 188 943 797 608 705 388 230 128 366 188 155 449 531 43 927 278 289 166 158 3 197 862 346 194 364 548 253 5 242 886 999 822 379 595 210 525 167 229 527 952 796 45 726 866 465 840 791 97 716 263 274 82 579 297 746 407 668 345 624 674 613 214 595 973 377 680 884 131 964 337 753 9 577 837 773 474 362 746 182 869 870 213 840 631 778 818 635 630 29 892 100 292 90 362 878 515 990 909 349 353 577 195 41 997 463 458 85 755 249 359 448 897 314 884 327 518 649 197 145 571 517 510 156 383 138 73 536 361 828 25 720 47 149 859 608 657 202 929 666 281 194 747 335 386 694 737 346 344 22 32 682 179 982 179 304 332 540 538 289 165 600 490 493 226 97 7 907 736 566 775 999 510 556 832 658
11 697 151 24 472 333 301 433 806 105 198 98 290 623 610 160 88 187 966 500 92 794 768 631 51 109 424 825 8 958 779 95 293 982 701 978 16 372 149 128 239 459 694 203 729 873 246 309 562 289 420 314 119 411 795 802 669 803 775 724 275 596 523 549 48 90 522 594 532 799 754 603 942 496 983 877 787 45 155 730 599 624 373 114 207 734 694 735 754 885 198 102 667 729 66 139 88 370 442 47 741 751 559 362 106 117 544 675 103 502 603 432 42 400 45 402 241 233 632 615 437 290 29 505 892 226 53 411 498 796 959 329 314 682 663 401 532 720 928 495 888 145 374 184 793 812 708 624 238 145 491 89 94 598 424 24 65 477 906 930 575 313 602 260 35 637 414 731 14 450 895 752 991 498 996 550 703 372 275 968 735 530 831 307 128 715 799 207 317 394 369 646 142 544 216 90 453 502 226 368 918 366 930 17 948 951 662 179 69 186 431 171 880 584 376 854 840 900 568 823 419 48 342 717 595 898 826 920 540 436 630 713 393 510 961 12 845 349 221 39 475 819 505 80 750 469 913 493 253 337 993 201 175 661 404 541 759 878 947 950 914 250 399 630 398 584 756 650 805 282 97 206 973 884 412 360 698 178 20 164 759 763 444 976 210 917 636 108 555 923 662 502 98 377 39 648 413 216 332 786 81 406 378 776 413 697 702 358 57 847 948 550 712 33 974 79 102 105 374 8 343 845 983 64 367 130 989 57 392 254 851 227 451 103 74 993 592 252 304 626 962 876 464 447 193 138 984 377 636 404 870 660 526 851 368 976 123 209 614 502 7 19 211 652 156 456 141 998 327 281 299 702 345 791 628 529 34 938 929 129 838 595 112 711 445 969 454 611 214 108 483 233 457 466 145 396 215 774 475 884 110 127 147 317 987 659 775 535 314 958 552 5 486 604 369 32 83 715 999 760 829 350 286 333 328 584 548 105 168 508 575 664 445 196 278 839 81 291 193 23 620 551 905 169 895 60 830 39 16 578 758 150 661 250 57 73 647 899 741 832 529 603 652 62 342 152 968 980 414 439 863 159 810 736 159 870 811 499 8 170 290 695 280 686 568 811 372 44 262 491 995 95 111 110 184 357 529 607 1 563
185777 178969
