20
10 2 0
797 446 307 988 735 600 687 569 670 763
538 793 154 581 635 246 416 0 519 685
389 42 415 531 647 265 188 250 177 33
1141 734
10 2 0
408 968 497 869 668 1050 1388 672 495 1297
44 931 308 648 794 444 915 287 169 962
9 878 339 187 446 805 873 596 590 931
1375 1413
10 2 0
947 560 557 857 535 623 980 847 553 978
889 512 55 497 437 198 813 492 400 463
424 148 751 242 3 354 240 712 265 970
1189 1027
10 2 0
405 1018 603 739 852 820 606 520 404 874
654 908 502 846 553 475 546 202 265 673
114 449 519 485 277 788 517 571 39 842
1406 1150
40 2 0
1128 942 1076 430 678 769 733 1099 808 1058 492 613 542 719 585 870 929 604 518 939 401 663 1003 1096 1019 558 785 1131 989 187 1056 848 861 783 1004 869 1091 718 1117 1156
890 469 760 581 722 424 588 837 613 321 837 109 561 22 880 797 349 99 45 961 452 709 509 807 702 239 887 630 771 112 934 677 690 486 772 75 728 471 707 752
762 542 926 91 325 374 260 899 230 948 140 957 509 429 212 592 709 235 267 224 317 115 960 499 725 648 226 650 921 99 619 722 851 324 801 679 755 617 598 571
5743 5332
40 2 0
912 1099 1104 745 1090 1149 633 776 1237 374 1073 488 903 694 699 623 1227 1258 1164 145 1018 929 1032 694 765 350 964 762 644 662 620 558 1024 436 905 457 599 710 1161 202
145 704 548 489 569 506 94 773 618 291 765 637 871 458 460 85 749 786 816 90 986 626 837 393 699 109 980 362 840 29 678 199 591 687 840 21 365 655 979 275
891 606 792 179 698 817 918 573 906 171 713 98 137 299 498 486 887 903 934 161 622 698 564 317 524 98 792 412 19 437 364 98 582 185 228 593 532 140 580 111
5401 4890
40 2 0
447 679 508 765 810 493 719 997 851 882 980 652 598 710 1199 707 859 1004 731 1012 839 1232 311 540 841 847 1212 911 1163 717 881 679 1034 681 776 953 902 703 1055 667
226 179 368 813 652 656 349 670 744 550 733 113 0 678 760 513 114 563 543 749 385 739 484 407 191 662 844 669 837 252 829 485 824 846 723 860 115 237 666 696
481 859 430 203 49 271 673 939 24 798 420 828 247 594 882 153 960 632 833 828 430 800 34 362 527 755 780 181 899 769 446 831 904 210 272 498 817 856 451 166
5431 5523
40 2 0
759 433 593 980 911 743 731 1152 1318 676 875 883 626 1315 621 713 1008 625 268 867 1306 869 645 634 704 680 1085 1053 1031 774 390 379 1265 341 842 881 911 701 915 676
621 784 251 991 698 694 453 972 980 753 959 517 565 973 148 807 351 197 119 636 994 240 708 15 108 101 645 737 858 328 680 396 785 348 954 934 972 646 703 326
414 16 578 523 143 447 326 973 793 513 265 965 296 941 317 1 843 72 393 971 912 853 413 507 581 958 954 373 383 643 63 142 988 247 122 330 542 634 394 342
5986 5042
100 2 0
865 766 835 1131 1130 491 327 679 717 952 793 695 967 521 632 696 712 853 243 1178 813 603 269 500 384 1153 1051 1010 484 551 596 1021 887 1249 480 701 229 877 1220 521 434 1052 913 386 1214 754 843 569 296 966 179 435 929 713 533 1069 752 867 570 832 373 468 911 770 814 943 969 913 822 986 319 886 1058 770 567 673 645 282 1422 495 1188 945 1068 763 678 1302 1027 561 719 644 529 1007 880 788 590 399 888 596 524 920
536 791 219 642 762 230 268 642 374 816 763 45 400 117 820 446 888 528 51 909 988 409 36 613 8 648 862 794 607 491 36 875 673 899 185 245 16 605 740 135 0 712 514 403 885 435 939 36 168 733 2 52 334 329 168 976 912 784 207 345 429 381 412 436 350 725 395 943 148 715 274 340 809 288 177 185 210 218 1000 589 926 536 840 37 436 743 361 906 948 243 7 329 840 728 666 122 453 80 150 337
467 310 809 658 997 204 129 542 271 857 765 459 809 174 60 115 194 444 163 805 283 367 83 121 745 676 943 622 321 529 844 284 649 962 115 681 161 986 956 67 173 483 940 136 935 986 736 257 104 820 162 302 531 717 835 530 492 282 920 639 105 520 715 672 736 534 859 245 543 686 364 893 957 294 934 576 333 58 881 110 807 708 595 791 547 922 863 86 70 692 664 722 132 646 126 484 445 430 675 525
11939 13138
100 2 0
272 1423 1002 634 1176 1220 893 956 722 968 823 703 972 595 965 1045 788 1085 638 343 635 364 790 558 1301 877 1084 1302 1035 765 937 459 988 357 430 534 1070 1377 1070 268 209 994 654 716 721 618 555 1132 756 617 983 759 889 581 588 691 625 684 724 543 549 482 1031 245 685 907 777 592 548 847 1051 561 793 731 205 312 1076 716 412 513 628 665 121 924 714 625 957 1164 851 1192 928 495 1060 709 730 444 943 585 664 714
134 955 335 986 946 876 839 445 151 714 779 189 535 67 751 794 15 936 520 405 337 72 846 797 738 990 660 840 274 526 427 627 375 27 154 206 646 979 449 58 288 814 151 385 603 225 138 949 10 42 234 712 452 486 783 42 313 804 206 734 147 305 683 31 216 825 657 15 516 976 960 658 947 975 75 38 462 503 37 229 383 723 28 897 99 676 542 794 750 868 670 281 612 370 312 280 857 371 685 738
370 985 861 188 638 760 518 704 838 519 79 842 652 940 543 879 816 360 291 47 619 482 659 95 941 674 707 829 852 320 941 132 921 219 26 679 540 862 845 160 28 370 953 241 384 551 395 363 823 207 747 631 449 217 171 749 316 210 924 195 827 163 525 50 724 754 834 386 488 601 847 19 219 432 55 413 837 863 268 377 50 332 41 736 445 52 441 670 635 769 293 424 940 755 257 491 432 121 356 406
12490 12646
100 2 0
602 837 697 657 978 833 735 290 977 1025 939 1044 344 1087 1196 468 1021 934 1091 471 853 684 772 984 631 895 930 786 1121 1178 428 427 576 1275 429 1192 386 585 1099 418 676 417 927 842 758 1159 336 281 432 956 649 351 856 304 665 1113 607 765 934 849 797 799 557 1170 576 826 618 834 1043 753 660 840 974 905 929 1049 256 754 669 830 716 420 1154 932 619 273 523 590 776 1327 1073 834 811 942 760 1252 480 455 693 831
236 994 841 204 492 478 257 355 827 842 924 893 93 830 510 91 678 513 852 206 333 368 504 735 232 670 316 117 499 963 302 199 310 789 596 834 526 319 663 332 511 114 971 364 976 968 93 7 584 679 202 255 805 67 452 762 12 661 372 988 972 645 105 578 196 394 178 998 724 360 412 430 769 874 984 712 111 909 401 667 908 162 923 546 348 304 407 594 118 716 982 630 644 360 330 807 222 185 858 928
383 35 53 919 959 453 430 51 473 288 470 702 17 358 985 232 890 700 720 189 394 716 954 551 723 382 927 496 976 779 188 321 806 779 34 664 100 835 587 124 761 406 354 381 86 823 485 85 206 616 511 220 268 157 239 634 852 241 671 265 199 781 722 996 953 324 887 638 877 703 739 992 729 431 702 918 333 13 632 254 105 4 739 929 582 236 94 398 597 949 973 497 959 922 808 997 563 494 64 185
13239 13205
100 2 0
197 783 1251 912 893 1148 809 742 634 609 674 296 1021 762 481 152 601 725 1157 701 281 425 1077 562 756 1082 1204 1054 740 837 1117 660 765 645 918 913 404 580 911 396 838 884 806 1086 752 859 390 884 586 1265 435 1048 967 522 887 978 663 987 929 465 551 1202 1022 689 841 1144 737 933 1181 699 272 606 788 762 830 633 932 166 751 696 307 820 747 415 684 1043 271 837 465 423 465 1252 752 726 938 466 564 640 962 1124
131 916 620 374 928 653 933 55 760 38 410 130 645 218 566 31 156 876 710 153 236 573 831 77 158 800 819 975 266 930 512 342 150 775 960 958 553 56 817 33 568 329 671 665 180 558 101 680 395 910 473 635 761 364 541 963 189 791 404 32 473 583 880 460 35 524 674 554 626 224 209 648 437 667 616 481 484 4 693 781 208 518 657 460 335 756 3 329 269 105 493 925 917 977 568 117 181 692 482 765
230 372 967 716 288 839 98 669 97 356 766 459 441 663 224 21 488 133 724 846 241 80 628 530 385 825 770 982 500 710 965 75 609 193 90 570 56 885 155 150 482 859 27 995 698 999 305 914 668 624 107 735 681 41 982 836 476 631 834 51 623 967 755 515 820 947 723 318 949 823 308 244 153 150 533 423 482 225 590 322 41 761 416 255 816 860 451 806 190 21 202 654 370 191 866 233 881 396 461 939
12536 12855
250 2 0
416 826 766 89 530 357 1051 669 528 840 631 1139 743 561 873 907 322 472 1219 591 637 383 543 433 970 442 796 542 914 970 768 976 1026 490 912 789 1069 712 866 715 1149 421 428 850 690 866 1089 448 680 577 913 936 410 617 971 496 606 1092 538 910 297 922 1285 913 533 605 863 841 817 454 762 1135 869 862 517 553 921 405 1244 709 470 458 1053 1052 1113 943 336 737 821 805 656 735 612 350 803 835 780 956 534 1028 1288 505 807 959 664 609 964 883 610 836 838 348 962 877 1037 608 600 834 1176 519 466 627 699 582 724 191 587 786 921 955 716 846 448 304 1105 840 787 872 985 936 840 647 1322 667 929 369 461 1236 828 700 189 764 932 596 513 753 945 537 733 612 659 646 909 451 638 869 931 246 736 640 800 827 722 1091 440 1343 376 798 829 763 343 1161 846 760 694 681 877 1016 762 1020 581 701 629 483 944 815 1157 385 493 514 823 922 876 1109 1071 464 344 1028 718 868 1199 923 1147 639 376 960 723 966 1051 873 1094 832 722 732 962 873 673 406 963 1080 664 893 1034 736 999 638 459 209 714 679 715 658 498 572 953 906 405 822 823 573
355 92 700 23 59 66 882 123 134 727 21 791 84 379 910 651 81 234 654 235 84 77 529 597 602 91 256 366 172 551 45 856 916 116 965 517 844 686 0 827 781 129 347 467 284 867 555 7 743 551 969 643 4 0 252 218 398 602 318 819 427 813 888 341 229 514 623 575 687 539 877 481 710 372 52 528 410 167 709 692 245 846 757 578 706 366 40 238 486 715 377 289 863 14 686 824 643 410 362 263 855 667 650 895 391 806 560 598 392 528 750 117 845 503 929 5 92 470 810 591 370 513 166 381 233 33 271 884 946 207 393 387 2 101 951 381 687 857 947 661 752 841 952 740 966 348 762 673 794 461 23 954 308 92 600 224 831 219 673 302 914 738 732 54 420 899 801 197 394 2 941 520 866 307 334 899 270 454 635 790 252 897 497 605 393 335 959 216 557 584 324 990 637 106 10 80 976 219 197 956 958 527 255 975 936 75 38 648 964 573 892 44 318 681 331 988 321 615 583 279 699 355 772 679 396 77 474 25 749 635 546 329 461 167 199 351 11 6 687 91 590 231 570 493 659 395 65 592 312 135
455 713 411 61 499 513 291 827 520 368 418 751 530 434 132 443 465 593 840 20 861 605 92 98 346 477 494 102 981 428 700 463 945 538 766 494 727 179 829 253 549 293 79 970 160 172 649 235 228 428 19 696 203 750 833 767 149 604 214 215 35 449 795 487 733 359 687 671 831 271 235 882 960 429 479 271 601 261 880 726 682 70 918 754 809 941 390 575 581 80 647 689 277 471 880 825 89 950 61 826 822 126 216 485 248 71 701 419 84 360 367 139 667 729 665 805 584 377 810 397 281 363 280 267 326 21 482 217 346 834 686 847 482 133 768 380 106 657 847 935 433 331 835 322 186 356 63 945 189 345 63 369 812 366 24 363 485 147 449 71 396 272 661 356 540 368 658 23 702 404 601 402 365 877 317 828 66 635 763 150 163 749 616 102 963 626 120 827 17 954 748 26 536 154 971 735 503 342 531 48 71 421 532 511 355 266 285 790 459 356 524 936 987 549 380 603 690 751 841 537 852 353 151 576 886 880 99 360 759 924 626 766 902 588 935 404 376 284 454 366 371 685 419 642 969 459 141 772 446 131
30410 30612
250 2 0
348 489 617 986 1102 786 954 928 857 941 828 413 504 538 789 811 254 1004 522 563 552 316 720 1068 507 444 859 485 730 582 1002 617 912 736 650 1035 471 974 600 570 926 662 313 452 957 639 506 1075 967 608 886 750 448 1157 680 871 725 546 767 569 841 729 502 640 540 775 1270 489 733 725 1292 503 441 882 593 271 1006 1194 842 1113 384 900 1163 823 745 828 1133 833 994 278 924 741 668 659 1021 287 508 438 903 686 523 940 1029 597 855 1051 910 678 1305 732 877 593 1193 604 814 584 629 758 560 1200 599 702 1026 687 609 370 910 657 156 1021 925 504 681 719 829 683 1048 343 724 1057 881 691 617 905 545 511 891 303 950 641 606 971 991 984 1128 776 511 380 484 1031 1224 852 593 368 511 688 847 221 1080 395 652 1140 640 844 547 709 549 615 968 1134 986 848 965 294 805 571 464 1292 1007 626 739 999 313 388 414 1110 880 991 966 634 389 720 446 392 1001 540 616 485 980 275 695 685 656 551 607 732 643 786 336 456 582 614 1011 533 995 694 427 410 979 753 1089 865 529 537 575 889 948 181 757 923 1376 953 1111 635 977 904 1036 1150 694 787
434 366 918 946 705 668 811 670 765 960 537 452 444 21 406 740 221 405 856 640 168 429 815 891 275 187 874 285 958 147 813 831 178 661 676 926 391 982 970 245 160 684 268 320 907 137 307 970 713 182 791 345 75 953 160 952 379 114 667 660 231 533 28 388 381 523 882 688 720 268 974 558 711 352 491 210 549 545 826 682 81 609 425 339 332 904 983 388 995 96 971 509 224 465 672 232 781 247 80 133 568 829 785 419 327 539 689 329 691 24 828 525 785 586 224 988 913 867 652 671 854 836 604 133 163 279 217 315 182 776 711 47 122 658 823 434 317 168 680 764 410 379 680 469 561 84 927 446 914 172 744 908 793 394 999 210 819 18 11 429 871 770 645 24 228 914 755 44 449 438 600 817 306 358 277 448 323 345 776 897 899 189 490 68 637 573 2 786 510 685 355 890 217 73 190 948 799 247 817 928 469 555 228 186 731 567 462 42 504 84 329 298 141 260 230 440 101 756 252 319 220 361 830 566 861 299 252 477 553 573 953 912 729 733 595 298 606 126 265 584 864 955 980 114 988 993 524 875 33 192
159 46 20 258 999 808 249 878 425 479 623 336 248 659 215 636 198 769 150 193 128 120 199 619 146 335 296 564 71 625 692 239 993 11 346 731 113 218 132 126 747 270 169 145 373 711 460 991 670 525 17 384 566 521 584 418 199 145 71 389 455 615 431 98 217 576 745 264 653 508 676 169 118 487 305 130 477 896 155 940 544 723 939 421 308 138 692 947 519 296 731 90 853 697 943 320 28 287 807 466 473 377 327 268 891 983 173 210 985 984 496 174 605 361 689 3 270 339 315 981 105 408 621 606 682 267 850 764 35 924 212 66 243 410 170 281 980 387 132 581 683 314 281 590 328 434 167 95 905 176 468 634 508 760 280 647 57 473 466 912 644 293 322 190 242 244 600 146 825 0 27 544 916 555 94 209 366 747 775 931 249 734 555 281 492 135 619 920 909 243 392 809 283 15 337 961 657 794 771 52 300 481 309 33 884 307 62 413 795 325 169 359 355 381 196 549 615 135 88 304 233 104 234 229 863 714 506 234 629 299 360 791 317 205 527 506 325 105 290 604 973 566 313 497 222 77 686 825 571 719
32489 27584
250 2 0
974 355 336 583 1226 437 346 744 584 668 774 932 671 818 1097 1130 695 377 838 919 715 756 984 771 113 664 582 1128 702 549 1100 665 1195 611 1177 578 623 892 935 911 838 817 797 751 872 573 594 893 884 648 937 943 519 556 1192 738 1025 73 999 588 317 694 506 1004 704 866 710 1009 431 920 598 815 855 871 906 832 242 1064 774 846 910 991 540 810 770 198 1218 615 767 661 605 460 1006 1036 735 917 1301 677 367 986 710 1189 439 222 430 490 903 621 446 937 723 1207 335 1102 1018 1029 1204 1398 803 1035 614 574 865 1141 489 771 610 898 643 695 619 954 662 777 479 1194 680 584 925 679 800 862 1060 898 519 940 723 899 800 1207 829 859 903 666 475 712 1209 598 385 718 1353 661 244 794 548 679 345 852 993 1073 414 980 504 878 534 781 782 381 1043 610 444 722 797 572 573 470 937 801 1130 1077 1055 589 679 1079 696 355 843 1140 224 425 871 562 629 885 882 514 714 1104 353 739 916 871 701 300 683 556 603 778 740 654 1037 691 1004 652 1248 508 526 852 887 896 957 576 794 396 425 820 423 901 1009 931 442 528 287 981 966 686 1131 314 880 450
563 289 247 138 885 749 506 241 319 235 997 631 364 590 576 848 146 471 853 449 780 678 743 812 60 405 348 525 410 574 824 307 912 357 439 168 412 700 445 458 777 443 879 777 650 567 485 229 391 213 559 834 769 5 577 516 601 113 684 499 106 952 76 655 790 671 963 309 671 735 250 847 379 899 179 800 273 766 497 636 697 331 144 662 72 106 848 721 761 185 443 137 815 856 531 116 777 626 56 172 41 475 402 62 245 439 357 122 531 935 471 959 176 931 458 560 945 893 544 747 174 219 893 456 187 160 147 379 275 408 356 447 581 818 453 984 573 35 847 552 355 868 759 371 448 744 211 235 775 853 762 724 946 564 381 673 875 363 517 160 855 576 258 373 543 625 115 938 437 773 0 86 508 176 3 403 972 199 614 583 54 606 586 834 76 114 354 817 513 919 598 541 546 841 491 155 493 864 96 255 322 415 580 905 716 65 730 923 120 483 203 884 852 460 23 20 583 16 804 376 972 177 591 180 786 237 557 343 839 587 547 207 612 58 354 507 356 421 929 825 570 912 335 902 625 502 675 12 361 218
607 75 139 765 892 75 43 754 587 250 487 917 414 624 711 711 432 259 700 807 9 207 860 499 79 74 703 734 618 352 566 259 491 127 975 34 158 626 858 987 783 908 270 190 533 394 355 799 671 131 904 301 57 337 966 332 915 19 714 498 309 50 238 893 342 773 11 889 86 727 661 135 622 53 706 329 68 973 494 170 769 772 83 45 568 62 872 194 448 741 577 746 507 304 461 810 887 467 273 861 493 936 372 51 377 481 761 930 83 109 169 832 162 433 982 961 984 942 850 608 577 136 397 894 405 827 759 902 79 625 345 887 466 114 344 644 160 187 592 264 769 532 989 458 469 322 248 646 710 589 291 311 851 168 151 320 629 94 55 909 871 638 217 907 42 354 241 84 1000 571 253 889 70 626 897 671 454 160 680 106 77 744 867 303 258 209 681 392 750 927 634 580 299 503 49 398 202 612 65 232 868 551 216 138 898 806 7 584 416 968 907 41 239 56 675 747 47 862 414 359 109 712 489 335 834 273 304 918 347 366 823 583 864 590 63 678 112 430 116 461 54 87 13 914 522 95 955 37 797 307
31455 30162
250 2 0
558 587 660 1262 580 492 503 455 796 599 830 1041 1318 759 584 745 843 630 978 815 746 900 885 1054 856 889 1195 717 771 841 872 1256 1074 570 317 997 1023 1042 675 878 1017 306 556 999 654 1031 886 626 812 894 839 881 889 1091 708 422 867 990 641 788 358 310 803 498 696 526 968 443 201 425 748 972 644 593 655 298 970 757 805 1204 317 921 545 1117 761 805 631 1041 954 954 281 862 543 692 753 859 1175 974 828 869 479 936 670 1155 885 503 1138 802 933 563 960 366 991 430 602 802 919 583 767 702 1257 803 1066 814 694 858 1158 739 1024 906 742 753 632 272 691 794 844 1003 682 850 750 840 728 791 738 783 572 683 656 1015 429 487 805 235 912 494 918 434 837 677 473 523 425 1090 594 653 851 863 404 403 392 509 888 1133 447 683 634 846 807 349 875 611 585 896 494 745 735 604 728 962 1196 837 510 861 1153 884 945 393 636 1077 909 675 916 739 918 929 605 839 769 428 670 299 484 956 499 671 614 902 1222 538 428 1020 841 661 888 1038 952 744 808 1041 237 818 594 1060 971 711 880 570 942 632 743 672 631 876 977 720 403 931 792 659
0 332 105 994 402 392 696 423 766 101 563 531 862 989 107 227 655 17 256 405 67 879 777 944 829 588 884 976 760 719 702 972 845 232 55 547 923 505 981 771 504 43 382 398 353 996 699 409 562 919 815 753 381 452 167 135 553 492 36 953 270 296 604 198 766 686 221 126 104 67 68 225 160 740 449 90 612 730 231 656 209 833 611 679 197 487 244 815 816 702 227 949 49 592 649 34 572 598 129 325 373 831 129 748 686 408 454 300 778 12 841 397 184 436 621 755 468 348 369 153 824 470 951 765 16 51 868 52 918 702 579 46 687 213 404 494 954 795 181 148 111 663 55 541 253 337 580 161 175 860 45 663 68 321 10 48 529 686 201 344 150 430 307 531 234 945 911 545 141 46 694 88 829 704 258 877 247 547 882 26 646 986 797 444 422 898 667 10 575 874 987 577 485 222 690 360 757 273 67 904 482 566 793 159 110 81 402 148 223 44 320 157 63 722 176 102 711 987 723 298 99 725 789 4 341 995 982 607 616 455 29 97 286 628 333 234 608 152 491 975 909 86 89 121 689 115 209 553 630 440
817 84 429 750 441 363 110 261 443 696 528 576 847 130 188 395 522 682 924 417 687 500 981 783 661 826 763 192 392 751 636 884 755 130 71 555 686 995 47 224 816 399 435 801 620 602 567 289 187 749 301 654 560 790 462 502 584 812 800 510 343 185 944 736 231 243 777 489 213 402 458 918 886 288 616 152 805 83 579 902 369 18 269 572 874 409 306 721 905 511 203 122 685 322 370 696 883 737 710 961 493 421 674 708 642 454 976 694 707 443 131 95 977 331 204 310 521 314 593 702 949 588 946 113 598 731 873 859 774 467 587 799 399 178 538 776 699 446 503 793 714 275 780 998 262 552 141 855 374 223 518 195 764 137 956 878 735 69 707 689 574 100 288 873 660 191 264 902 102 630 33 23 860 689 13 278 61 394 536 182 636 78 72 694 331 125 181 248 855 726 659 202 78 540 796 499 276 310 536 917 832 144 295 481 732 889 150 852 771 275 48 346 635 895 144 647 261 293 904 266 87 800 672 693 936 597 253 75 621 839 167 653 583 733 723 274 654 582 855 211 549 404 509 800 869 696 558 452 367 770
29361 32634
500 2 0
794 761 1291 930 481 617 1136 404 524 572 439 933 1067 599 389 887 711 1065 510 201 763 1034 761 609 810 739 770 744 756 385 695 770 618 1085 530 413 728 979 914 1013 499 717 1263 617 641 978 1047 1010 637 629 649 853 607 1091 1141 887 766 333 605 474 631 572 800 697 762 962 924 964 622 795 721 838 934 525 735 1102 1060 759 1071 609 684 341 992 166 591 930 909 868 1109 632 967 510 355 842 551 570 373 514 1132 860 669 683 996 1055 281 708 1231 887 743 570 936 444 1127 556 982 1067 915 1171 813 597 553 799 561 476 457 764 399 1122 1278 702 931 1286 737 809 461 1349 453 751 486 692 1009 753 660 839 892 919 540 800 573 472 667 885 886 755 1061 926 482 974 886 945 652 1154 505 656 863 432 660 737 706 998 446 1061 826 696 888 606 1119 904 724 686 606 889 828 649 598 1168 481 909 1179 384 876 406 529 882 518 411 572 676 766 706 726 851 854 512 922 754 1080 689 624 413 642 1097 341 792 1026 1110 749 1220 614 422 845 810 709 338 964 438 596 422 665 501 589 708 665 856 408 599 738 785 998 324 780 710 628 605 978 1058 1117 858 293 319 676 765 300 735 621 1225 809 1041 804 1106 945 905 1042 1028 1105 120 999 668 805 900 348 959 881 873 811 738 878 982 587 581 770 1364 644 919 447 921 1121 1083 606 883 1281 895 538 1128 813 504 1060 473 1111 621 747 782 887 361 923 624 603 833 1067 1194 1114 448 293 892 485 715 862 1013 769 440 1168 390 808 494 868 534 1092 1401 441 768 779 314 846 800 233 527 910 1000 949 614 798 441 1020 284 748 569 684 625 1202 663 865 645 561 412 758 904 955 1034 371 885 748 758 888 791 1096 819 628 849 355 1024 1043 798 1029 765 680 519 438 1061 938 503 406 1037 1099 834 963 689 902 747 1184 794 786 745 1152 556 579 1053 1004 756 521 819 776 979 747 774 833 847 817 741 766 648 1281 865 231 317 750 1102 1001 902 724 567 217 735 998 856 403 839 987 314 575 529 519 868 824 805 627 1168 825 497 144 1033 923 792 815 515 993 974 537 672 660 1250 969 846 1052 556 1215 763 356 425 889 973 721 660 490 546 664 238 517 1236 724 782 1224 344 645 1169 925 820 512 616 1053 995 403 467 669 520 791 692 882 635 471 832 600 611 905 657 562 687 932 482 1004 1145
214 354 724 797 394 912 808 193 116 987 204 946 890 639 544 458 65 924 147 35 100 600 41 638 190 258 569 249 88 276 872 182 33 256 99 1 137 457 708 569 291 143 872 965 158 981 571 848 82 549 91 339 357 980 953 36 664 63 444 292 42 177 655 616 939 948 284 292 69 313 952 788 828 236 95 733 703 491 366 185 674 106 433 101 282 860 283 752 734 604 577 153 151 776 377 816 172 593 987 338 612 676 460 905 271 691 824 535 522 102 736 111 887 99 598 461 840 684 775 464 897 455 441 91 8 951 0 742 796 380 364 726 541 327 405 977 156 883 93 485 960 608 784 221 175 724 629 429 226 335 331 431 807 251 749 925 84 805 727 168 583 817 569 431 622 66 384 540 408 940 754 848 434 812 195 282 508 72 153 524 425 757 691 827 359 878 107 407 555 80 668 615 118 62 431 117 75 182 930 559 580 687 569 602 798 695 253 336 122 209 550 455 320 311 234 983 524 723 433 323 567 529 111 532 559 169 863 114 900 134 142 661 720 91 226 71 398 787 719 168 908 97 710 783 873 811 882 833 136 327 79 865 43 494 198 856 896 792 290 862 957 24 258 245 312 99 574 382 354 393 540 416 774 592 4 391 97 89 177 237 872 863 201 516 38 499 518 650 299 797 900 971 421 481 696 64 636 39 561 277 233 248 865 388 917 237 311 293 783 924 548 90 423 873 823 966 596 841 769 163 717 22 140 7 341 217 509 972 717 430 401 29 495 483 195 184 886 900 837 255 706 82 800 205 194 26 986 730 917 753 963 85 545 678 757 887 555 999 427 13 568 474 272 502 729 440 743 530 3 691 803 670 533 409 585 726 263 729 663 22 415 840 908 815 561 619 981 362 845 332 92 728 819 79 487 776 287 160 487 665 147 919 248 109 792 929 629 589 654 409 948 951 53 7 11 949 743 927 7 418 213 215 789 390 78 548 538 490 293 565 444 379 313 849 708 997 689 589 110 918 625 332 307 815 540 301 416 582 435 803 872 696 640 298 848 640 280 124 816 361 440 692 148 180 372 102 839 833 525 551 990 286 288 872 493 341 286 456 860 332 36 583 978 38 368 601 776 778 484 492 355 301 488 925 442 36 181 88 466 820
971 831 881 517 93 317 766 453 664 3 133 919 924 169 3 590 586 597 329 57 871 893 801 516 832 436 354 721 449 485 210 904 519 981 841 613 491 580 277 683 28 543 700 135 715 389 743 677 264 587 354 857 61 551 809 762 77 253 496 33 279 807 308 569 289 656 954 664 885 672 316 95 798 321 895 990 647 117 967 113 318 345 720 177 174 334 574 772 665 444 591 520 552 553 713 288 495 281 399 399 490 630 597 781 50 162 992 954 165 788 853 771 709 340 464 780 344 840 774 681 72 968 235 572 304 356 291 978 796 158 692 922 756 898 355 879 110 578 146 107 407 265 423 771 763 720 173 810 833 473 38 489 243 916 844 368 72 631 698 844 623 590 48 833 729 761 745 578 378 324 6 570 983 425 630 426 812 946 474 185 95 663 188 429 642 492 289 754 958 118 401 98 267 812 140 626 776 477 279 559 817 138 739 265 584 39 980 898 702 329 142 847 115 742 928 867 431 854 526 492 906 735 415 54 780 205 256 202 305 556 549 387 83 865 218 707 241 120 740 1 329 820 98 126 158 635 601 663 206 300 281 174 146 902 210 716 227 620 335 366 352 909 856 832 946 48 597 160 455 647 67 976 359 560 995 476 887 926 294 532 661 933 500 792 706 670 958 837 375 694 993 334 342 800 25 136 740 242 945 947 486 450 296 91 723 994 590 882 423 795 916 656 43 75 130 85 511 660 284 219 747 181 663 484 426 792 829 928 122 321 673 260 299 681 95 322 759 715 683 149 530 496 591 178 797 645 33 360 525 249 293 1000 63 17 10 253 598 409 265 783 414 664 647 383 879 831 72 636 484 656 292 182 793 372 383 292 129 614 418 158 15 294 291 72 977 172 745 882 973 392 637 111 792 388 14 335 962 559 126 800 414 218 736 488 125 158 140 783 515 461 855 140 129 516 569 589 928 123 837 518 74 879 350 950 623 570 736 57 562 425 189 833 572 651 282 724 131 265 41 269 627 580 348 59 851 924 28 361 389 861 511 939 902 426 971 190 374 71 541 825 705 159 319 50 50 173 45 763 587 30 618 388 582 792 562 769 255 510 283 973 755 231 44 330 908 312 169 460 137 290 710 875 891 112 366 718 974 145 934 706
61608 62906
500 2 0
659 496 1047 1064 555 627 789 729 1181 735 894 770 763 1016 454 661 773 680 892 804 1226 687 486 538 606 489 415 682 552 566 634 830 978 796 959 908 645 720 903 1166 494 473 762 556 390 759 894 802 910 884 1336 509 1068 807 869 919 1250 599 448 356 874 814 839 1127 855 627 931 905 621 221 586 1163 1107 646 956 1006 870 1068 913 469 334 1223 423 622 793 196 1028 935 883 892 1267 745 879 703 764 455 988 975 750 931 982 1217 859 930 638 554 1034 864 924 510 610 953 1075 804 857 444 841 777 974 762 408 824 789 398 297 997 661 776 359 869 1017 1076 699 581 900 800 912 271 652 1230 746 648 1122 630 988 589 378 201 1277 1226 841 1215 702 899 663 629 535 483 576 938 598 371 1111 877 888 747 553 990 550 1047 720 754 842 996 751 391 1295 612 287 860 357 791 709 932 1113 798 547 1174 560 755 430 907 978 764 567 858 665 502 916 707 894 920 583 719 542 1013 794 935 944 568 1171 977 1081 455 997 1186 417 752 834 411 504 516 846 1038 1122 971 1261 552 713 476 499 406 1014 845 438 705 949 760 1130 670 635 228 540 727 411 704 857 774 535 998 838 660 833 1206 1221 903 1009 814 617 597 775 591 658 575 723 854 1010 764 391 779 1264 1166 619 620 920 516 802 277 795 662 412 1047 1053 574 506 1178 878 475 657 888 112 925 526 806 433 933 814 1131 879 338 814 1066 991 859 563 546 303 1168 511 466 352 837 793 542 550 292 728 684 1009 627 432 646 542 359 1280 1033 669 761 361 798 828 481 877 974 1174 968 665 1095 875 936 590 966 686 801 822 1007 379 580 883 1113 505 404 826 371 516 739 534 654 649 701 667 376 354 153 301 376 713 762 723 942 485 694 1106 833 678 266 888 148 506 480 1097 507 658 1183 485 605 1099 932 966 393 776 1390 748 825 685 1117 291 1117 215 524 830 646 991 712 775 705 867 500 741 786 1053 539 925 664 858 740 653 553 848 768 778 755 834 617 757 840 325 1056 969 735 866 491 1143 454 511 365 650 365 919 1141 248 1165 326 1156 864 558 491 1082 654 838 774 753 921 615 1224 1001 974 469 479 830 901 805 366 776 639 996 764 370 720 759 884 531 643 785 582 702 910 502 337 1147 620 737 414 1002 1038 869 967 994 773 420 346 627 331 1112 812 330 304 941 858 948
229 407 609 594 366 114 72 128 740 495 863 223 595 812 579 713 691 582 500 442 939 117 739 93 386 5 454 599 667 485 384 108 514 666 853 299 4 611 760 795 3 489 196 29 299 969 406 32 654 350 826 387 657 949 636 674 939 416 155 358 382 636 619 968 493 415 387 669 330 280 832 811 907 433 452 486 830 983 368 144 274 768 590 478 815 306 880 436 874 224 719 568 374 743 718 284 966 820 333 801 786 848 881 927 542 129 796 224 727 467 406 848 551 667 684 224 332 429 894 742 244 738 722 691 37 882 963 522 295 918 684 681 407 170 351 251 643 312 811 993 561 779 348 299 396 202 340 162 930 756 510 696 188 353 37 332 471 328 205 950 624 93 525 663 844 432 146 745 217 948 234 168 977 829 577 66 876 584 27 72 503 666 271 405 323 843 179 443 16 75 274 450 324 916 652 981 929 321 737 543 771 659 133 114 669 962 140 606 872 405 665 765 870 405 103 863 48 238 427 448 300 332 697 800 459 831 928 135 56 229 346 301 630 947 313 671 76 222 667 337 504 199 763 896 100 313 372 79 235 882 141 154 346 660 877 884 750 443 470 355 14 57 731 967 512 651 964 694 45 246 797 864 647 861 714 811 496 285 509 170 155 187 661 453 440 790 245 35 114 743 12 940 212 522 617 699 983 754 282 479 578 552 760 481 145 849 39 671 652 201 39 530 458 482 337 135 214 457 336 760 54 588 129 231 721 769 73 530 14 91 845 178 493 833 685 391 608 306 993 153 225 931 174 789 342 481 349 106 865 618 306 21 866 360 120 533 163 34 762 558 35 76 233 31 266 154 979 538 3 622 133 629 773 851 115 348 982 51 104 485 731 262 741 978 93 494 990 540 808 12 688 950 985 708 691 714 154 891 103 350 726 28 976 579 266 85 394 214 681 793 876 580 527 564 275 169 778 36 635 117 385 227 905 817 435 337 440 728 807 119 255 567 649 235 214 347 932 139 956 995 155 691 68 566 252 368 263 690 641 552 212 773 199 823 834 528 191 74 116 813 967 325 29 115 588 366 495 295 483 24 529 454 48 547 748 199 933 282 223 965 556 668 78 688 971 694 32 943 449 35 367 684 44 942 228 246 62 980 797 517
137 46 589 656 185 711 833 478 680 304 808 393 52 899 309 13 427 394 850 462 930 259 138 734 78 18 131 640 376 395 285 999 779 316 509 519 544 532 207 780 926 228 833 565 165 182 476 991 929 730 927 154 593 176 463 201 863 212 148 101 446 405 153 399 374 727 949 863 620 139 95 876 478 559 978 707 227 646 841 296 57 881 91 381 460 5 527 524 666 997 835 630 711 470 772 487 303 367 933 143 277 632 742 834 619 838 699 656 891 190 425 205 774 184 275 427 672 389 251 645 42 810 639 31 297 887 327 393 166 704 692 991 179 354 799 723 632 185 209 726 409 167 972 4 718 595 214 123 835 928 961 782 364 459 881 410 137 153 843 257 247 130 857 400 354 639 194 929 751 815 943 563 180 486 827 596 938 486 403 815 43 807 196 860 910 431 334 914 674 550 512 886 985 239 478 47 84 592 822 10 499 813 946 416 307 92 873 396 557 298 810 931 428 139 984 626 220 803 726 360 201 639 568 896 986 701 657 763 469 264 197 107 769 407 57 608 948 429 811 575 749 242 223 26 448 414 520 539 691 970 702 516 854 841 593 760 359 225 531 804 752 197 295 49 560 486 529 694 589 383 758 693 387 307 155 29 927 82 370 856 158 941 836 416 406 788 847 871 615 859 194 900 195 257 10 652 89 989 764 103 190 959 582 310 634 62 16 713 61 717 600 409 465 314 122 310 694 851 874 16 192 493 234 329 859 837 345 812 541 887 494 120 916 154 844 825 317 936 63 849 126 540 664 252 578 732 46 686 366 620 72 151 516 45 841 918 838 671 196 622 745 440 82 72 138 19 60 469 566 823 692 640 851 266 345 25 410 22 215 107 926 641 195 775 326 59 412 606 950 523 486 860 222 414 106 715 132 491 77 60 533 744 556 815 603 743 816 517 291 766 520 270 946 196 927 770 209 997 538 603 352 974 653 134 863 833 207 838 240 596 611 246 700 49 300 259 22 375 766 892 246 983 233 856 766 371 210 964 662 398 625 601 823 305 709 616 893 121 393 199 349 539 615 953 624 988 584 134 868 510 384 134 438 268 200 468 740 632 446 360 74 259 188 421 539 950 930 757 562 717 318 260 399 953 831 234 365 365 773 531
61370 63597
500 2 0
543 940 468 936 387 716 415 553 951 866 475 580 731 302 615 713 554 567 548 1080 421 554 941 313 984 387 638 837 871 1074 737 792 824 1101 581 1085 443 533 1167 210 1083 1264 1086 1078 963 565 624 665 897 881 908 841 689 846 752 353 799 1123 845 554 706 815 903 912 1066 224 613 667 377 416 856 802 355 677 885 585 1160 836 834 714 718 375 1067 529 401 813 819 624 880 779 811 640 503 952 975 242 657 795 432 889 1044 433 388 277 959 176 948 832 1127 717 484 663 1128 769 714 684 525 993 1018 584 1066 770 559 832 1113 604 253 637 609 294 909 728 918 833 890 732 1088 939 974 808 465 773 638 551 1169 515 875 100 692 832 1149 1041 1035 767 879 317 1043 819 973 920 468 416 166 859 628 286 618 485 615 439 945 813 482 685 812 720 898 792 900 900 864 667 589 1025 847 892 688 762 588 467 866 743 668 614 439 439 807 875 812 275 643 745 1021 1063 593 430 376 1114 833 1040 330 860 929 500 1007 654 511 274 493 597 891 233 787 707 572 1162 665 655 526 449 466 764 674 651 578 630 1201 903 894 508 930 850 785 610 478 627 734 1166 791 845 979 601 400 641 472 608 886 775 558 313 907 400 719 723 660 618 686 1069 899 701 1236 956 783 728 673 722 1053 687 568 894 441 676 778 1002 1022 663 509 909 896 894 858 1046 863 494 571 616 607 600 862 819 670 838 854 768 637 474 815 457 493 914 459 319 658 426 722 754 1408 852 1097 825 433 255 237 825 1152 513 625 377 661 1141 299 834 783 796 654 838 308 395 1094 751 772 1160 671 779 607 786 1031 625 1099 776 808 971 1109 978 1142 391 603 1327 790 786 496 276 833 854 1011 570 796 1360 1211 574 114 399 1001 932 927 940 606 812 1146 1143 457 589 463 894 801 238 608 827 892 893 742 922 507 714 775 913 439 710 583 834 370 652 899 654 66 385 288 1059 948 931 630 748 614 1038 765 881 834 975 1112 491 1040 985 613 690 667 877 587 1154 451 985 1122 1011 897 548 465 781 479 700 467 919 895 1023 332 539 473 1104 385 558 637 853 863 686 704 403 476 530 749 1051 587 405 949 298 1142 876 927 673 752 1139 974 926 753 832 1155 1484 1044 535 305 1042 785 478 757 989 493 545 595 220 629 862 587 1151 681 513 923 361 1010 973 906 802 1008 210
586 853 114 475 468 198 18 902 645 896 825 380 667 168 284 257 128 328 795 969 168 348 697 156 831 80 373 426 852 652 481 437 393 796 381 852 333 797 838 387 286 828 960 620 956 97 50 485 339 308 609 676 162 172 182 180 631 975 174 781 459 872 766 922 514 65 208 894 379 313 819 483 41 667 821 563 838 472 470 277 111 628 629 224 390 848 558 536 573 727 476 978 442 700 355 281 183 647 370 744 365 643 652 402 416 155 590 175 748 803 301 303 429 526 100 744 87 234 672 98 785 744 341 711 989 383 265 536 465 1 82 691 40 750 643 393 611 938 306 471 63 670 274 374 932 85 405 37 439 712 969 698 959 744 692 146 818 698 817 415 128 567 33 685 54 120 441 13 932 590 313 682 141 583 756 625 701 965 595 55 729 874 297 970 856 94 714 467 649 286 860 644 176 347 350 539 399 918 671 84 633 522 756 488 514 237 51 453 446 668 113 813 828 297 563 127 752 38 565 143 835 142 305 966 339 392 337 371 185 139 277 574 404 198 492 194 927 974 226 155 574 568 210 288 102 266 379 763 577 147 474 152 39 520 555 723 383 486 290 409 187 52 483 577 487 283 801 788 330 851 833 901 729 661 328 723 841 126 323 862 403 311 335 631 838 409 460 678 882 516 398 666 587 702 187 876 449 437 593 460 290 724 882 461 374 48 844 478 532 760 75 176 859 410 939 260 993 809 905 808 395 70 143 742 675 601 666 313 309 516 169 873 72 905 123 635 163 266 965 812 179 786 928 194 196 400 955 653 808 460 479 450 915 853 929 30 542 704 350 340 93 227 621 724 784 783 224 987 565 238 29 387 778 420 806 884 685 903 700 667 519 171 581 982 441 300 552 12 558 845 10 802 366 904 574 849 257 285 394 659 184 857 747 126 7 336 455 968 184 716 382 327 860 461 720 770 683 303 486 11 646 856 212 823 555 760 184 941 246 372 574 548 256 763 504 668 419 256 153 898 739 875 316 140 798 946 100 178 949 355 473 695 622 253 180 123 178 546 302 577 828 276 962 524 778 581 752 590 656 736 651 969 693 997 126 316 454 977 715 20 915 752 227 30 51 337 41 771 312 770 316 551 382 72 287 798 940 407 275 239
452 291 308 505 60 886 346 10 359 70 18 64 275 172 74 527 452 730 22 644 644 77 708 294 449 637 359 453 90 504 688 427 641 1000 145 448 441 111 547 30 955 707 414 582 463 592 709 726 843 799 692 32 885 840 624 390 91 780 650 42 192 459 792 82 649 2 959 370 227 152 276 223 285 218 610 33 915 821 352 641 363 5 530 130 283 103 943 59 353 214 221 142 50 410 622 169 903 368 362 339 755 188 79 60 868 102 406 715 869 132 413 125 1000 637 922 538 757 817 978 240 809 39 463 195 617 362 236 635 489 408 847 562 800 238 444 350 990 605 648 955 838 133 126 92 595 670 864 16 654 40 391 424 125 182 812 151 930 878 857 451 111 227 222 781 602 25 698 453 46 223 683 529 160 445 248 346 267 537 210 925 150 377 571 862 643 693 92 855 68 500 669 559 548 315 476 8 280 689 510 8 109 269 968 678 311 313 362 798 547 816 231 850 828 23 714 351 14 238 96 126 830 251 479 361 182 968 405 454 541 398 520 38 590 693 14 866 537 495 607 507 749 637 738 293 246 668 448 708 421 802 964 427 1 106 124 59 756 368 186 136 735 411 523 849 718 851 548 908 885 375 966 602 482 607 478 121 1000 318 740 497 353 624 614 978 581 825 440 852 160 951 376 754 532 148 464 130 595 546 229 891 873 874 730 939 487 154 635 218 237 907 446 288 34 54 374 342 902 572 741 668 186 317 229 206 913 47 191 246 733 827 429 48 868 112 869 461 85 396 281 8 612 541 361 559 836 866 434 274 847 734 330 604 678 831 359 650 132 992 545 881 117 142 186 940 572 202 507 794 968 778 64 268 359 691 141 636 142 318 947 992 387 775 3 235 668 103 56 777 727 324 567 855 198 491 925 584 208 911 396 632 345 300 954 1000 114 15 41 867 954 841 200 281 174 827 41 881 80 719 986 572 756 459 779 112 133 709 836 469 245 820 760 677 934 260 285 226 100 510 221 209 98 639 166 430 108 604 563 751 190 678 309 665 189 264 49 494 576 947 684 71 920 32 915 500 283 10 115 790 328 828 241 614 640 982 998 116 15 496 659 208 584 719 429 64 270 29 571 733 620 643 654 357 829 395 790 561 45 517 905 135
63026 59223
500 2 0
534 473 713 403 931 236 566 772 752 605 794 1009 872 756 941 840 681 228 971 604 1170 1420 737 634 501 1044 1150 1119 977 563 574 644 695 352 411 769 1382 1015 1359 1156 997 477 933 550 962 801 400 410 1007 719 995 1285 1001 985 753 345 1330 698 974 647 541 615 704 1122 648 495 854 1011 635 1107 601 1245 958 1102 824 964 1097 1029 666 787 869 532 206 803 772 1032 512 890 699 885 227 475 871 303 648 758 1018 846 593 688 602 929 849 1124 792 819 320 1029 245 795 544 402 544 760 964 542 721 911 714 1305 740 460 922 382 453 841 1275 818 714 982 194 820 652 403 691 925 615 747 554 916 330 861 556 681 572 1049 569 726 1302 1005 919 617 719 811 336 1262 504 1266 371 909 340 431 1254 644 834 869 812 402 493 499 744 700 923 833 629 573 972 258 676 929 718 910 833 572 714 304 888 776 508 683 997 1067 714 1102 537 790 450 416 909 393 1113 1159 550 400 819 759 970 1385 507 729 738 740 737 1043 974 750 75 852 1141 1025 1185 683 812 412 848 921 802 713 990 987 676 736 686 460 493 531 306 580 1010 711 474 872 870 505 458 610 781 903 941 484 733 1037 803 591 751 1011 615 430 343 488 589 418 495 1026 1067 907 761 1049 1116 1305 935 920 504 883 575 418 558 535 833 476 755 1022 434 356 1123 399 862 797 680 605 619 605 622 631 591 648 739 678 468 824 1136 662 566 606 1102 533 579 1031 780 621 998 532 1004 866 817 572 1052 1022 378 274 930 1100 859 713 958 602 756 1041 726 725 513 511 798 293 737 729 797 680 323 591 555 781 541 1261 503 709 727 873 387 623 1088 627 549 937 931 906 908 905 942 908 162 747 832 1001 581 761 1037 1125 543 1046 712 1221 1111 636 983 230 417 1094 664 803 995 499 803 482 262 562 726 639 1189 999 1019 1028 565 755 797 1088 937 1155 956 549 978 312 220 896 1318 791 1009 720 723 324 832 598 851 716 355 326 438 914 441 952 190 839 1118 624 637 943 1011 1197 433 749 653 773 848 1032 486 466 673 1150 950 1032 792 802 778 796 472 662 179 432 559 242 606 885 641 829 186 899 530 512 760 641 517 557 1318 596 703 823 868 987 1155 857 1286 1182 404 1085 415 1060 424 563 770 638 781 536 1183 759 337 765 513 290 347 805 426 537 964 585 841 788 528 600 1230 826
416 16 439 399 972 8 509 882 676 405 295 793 791 92 991 154 611 89 532 491 928 959 458 470 767 332 991 823 752 291 235 399 458 319 135 776 968 916 852 864 380 234 636 459 756 851 476 450 866 21 651 887 439 905 358 186 930 561 614 983 811 453 392 970 171 480 959 799 459 636 303 729 375 381 913 890 670 359 345 575 797 895 213 543 660 694 351 695 388 902 85 113 993 561 367 410 956 649 386 342 825 769 89 582 313 960 57 532 420 8 121 23 236 498 938 359 107 497 258 807 618 9 510 92 251 577 826 762 330 751 85 564 128 517 471 385 537 615 7 35 97 936 41 996 37 380 322 589 686 814 317 389 529 514 213 739 529 739 535 827 597 386 795 835 593 621 595 252 141 324 586 946 232 486 539 64 133 44 159 80 403 973 203 501 540 418 545 865 757 136 820 680 671 947 146 444 767 695 243 626 949 992 288 453 780 273 306 998 261 411 845 205 450 257 827 706 31 523 485 933 896 178 81 123 880 641 750 853 608 5 417 452 702 413 857 308 413 44 815 575 56 30 353 22 507 79 350 272 706 250 410 704 853 72 1 870 682 7 336 190 177 540 700 899 882 801 507 709 477 935 803 729 287 537 147 293 20 216 563 673 299 125 47 68 470 439 425 630 30 383 723 356 602 331 664 462 733 609 377 663 510 658 171 199 905 259 445 723 691 985 819 309 680 564 653 439 635 583 139 241 879 927 560 10 723 303 290 616 355 22 632 443 881 135 538 201 616 632 437 407 425 782 31 855 130 509 306 400 450 72 657 839 382 996 647 983 668 410 876 232 215 564 505 686 641 336 836 291 661 775 764 625 895 317 479 150 18 748 766 906 539 361 328 837 221 333 273 429 960 841 741 799 247 192 786 811 741 634 849 449 832 366 198 936 992 171 952 925 679 274 651 513 937 351 550 397 77 669 248 399 170 471 746 508 48 749 750 751 347 432 311 495 331 940 702 60 198 729 896 532 574 196 508 459 650 177 17 320 963 47 201 11 969 317 96 538 307 249 859 324 369 271 995 803 759 475 614 973 543 640 940 663 211 342 191 878 497 345 489 360 680 513 785 475 478 605 39 336 6 723 83 228 937 586 883 761 727 634 907 214
478 637 446 355 404 167 499 133 254 579 690 450 201 500 626 757 420 103 567 249 503 1000 697 719 5 821 976 857 608 204 361 767 413 240 635 58 827 950 998 658 724 602 401 228 169 256 299 282 215 733 818 718 805 754 972 43 869 697 815 282 191 106 85 413 964 350 39 286 667 687 494 912 734 970 648 374 720 818 695 262 132 116 134 248 676 699 218 951 390 358 40 280 641 23 723 892 921 377 750 852 238 93 986 935 885 420 419 936 41 671 439 402 191 420 48 512 387 729 735 954 630 857 883 644 239 584 874 715 698 585 272 89 474 250 223 881 92 767 319 842 123 464 96 198 903 960 230 247 956 862 986 280 104 828 151 829 300 881 63 907 3 259 882 17 376 974 631 374 793 406 406 156 963 208 218 933 840 87 533 926 217 365 593 425 353 69 995 527 183 623 214 704 527 702 527 793 51 62 732 88 403 717 724 40 75 294 895 852 114 621 202 643 614 937 518 684 49 839 873 287 732 349 984 315 543 419 241 488 590 977 745 256 392 361 7 291 80 253 457 152 227 785 418 593 59 285 855 621 429 34 724 563 388 434 753 862 281 444 39 596 208 185 111 702 993 219 170 904 882 720 752 771 187 382 891 54 642 108 413 13 610 950 664 411 880 310 656 431 338 766 25 134 513 458 290 57 357 645 530 169 860 391 391 229 417 414 628 561 653 78 254 719 970 567 865 85 676 876 159 181 965 697 829 526 930 352 527 788 637 630 289 223 427 411 581 639 460 62 24 20 495 290 501 751 554 478 846 517 302 543 641 24 245 328 633 226 902 423 843 752 28 685 834 847 267 230 362 999 335 501 659 944 537 822 932 156 406 856 284 441 645 564 898 76 36 39 963 603 972 722 353 589 860 686 405 488 174 840 707 76 168 128 99 590 653 643 647 71 732 284 609 168 633 708 108 17 553 630 31 823 49 321 721 227 342 207 669 962 242 141 716 104 939 310 239 667 237 740 507 797 825 730 681 289 145 720 67 93 139 257 412 972 85 715 252 455 699 166 142 711 487 747 840 149 514 645 567 1000 902 519 756 916 83 839 23 924 83 14 67 823 555 64 727 674 22 413 80 161 236 883 101 532 207 0 325 315 257 220 794 803
63638 61264
