20
10 2 0
925 789 928 1052 728 534 1095 864 1136 600
937 375 337 212 281 954 469 684 786 588
642 831 954 974 226 29 791 827 921 505
2811 3350
10 2 0
798 645 916 557 1133 266 179 787 1146 1257
441 811 382 250 703 256 301 728 980 749
674 168 703 777 672 101 21 800 640 908
2800 2732
10 2 0
1195 721 732 747 1101 1101 815 792 602 618
901 767 573 247 850 585 858 454 373 330
771 141 784 317 561 985 469 475 701 61
2969 2632
10 2 0
423 778 342 226 950 829 437 625 533 358
57 672 309 32 244 430 133 69 483 536
655 679 301 227 849 468 568 599 165 25
1482 2268
40 2 0
802 948 889 288 634 434 1100 454 1031 839 894 1243 1278 1040 1126 761 1226 807 788 529 740 1366 450 490 997 1037 636 700 677 1051 525 997 464 452 1028 1050 615 755 912 953
29 894 484 435 214 588 862 32 942 271 741 849 698 476 989 371 644 872 38 553 211 873 491 128 753 834 844 623 236 809 175 474 67 57 601 954 353 633 433 781
713 680 530 138 541 271 973 343 622 693 904 866 943 924 778 1000 857 551 562 230 603 872 77 746 247 294 100 632 370 908 217 531 65 532 758 424 544 850 630 785
10656 11652
40 2 0
990 708 766 826 446 780 611 1121 548 473 789 431 994 946 782 1011 607 1052 1112 916 781 342 443 1006 588 1187 1002 216 765 666 697 223 776 909 1087 303 361 523 514 490
590 323 534 461 379 524 210 608 515 316 70 29 955 529 65 108 700 295 345 657 543 261 333 495 305 841 476 220 602 179 420 10 761 591 580 112 4 51 602 350
825 452 343 835 12 893 981 657 467 261 957 8 262 796 934 944 486 882 954 190 217 395 512 524 188 833 592 143 128 724 973 149 385 502 688 130 272 269 355 118
7974 10118
40 2 0
479 605 890 480 622 662 1062 904 1127 815 373 588 1089 554 292 732 1120 1311 524 835 887 515 419 633 412 1025 186 984 388 888 760 1066 757 1014 884 734 377 672 141 746
48 159 609 165 848 414 579 558 576 585 389 492 912 746 284 453 874 794 684 229 886 423 47 144 165 687 14 721 654 622 565 859 200 476 676 627 94 599 138 784
92 890 560 171 184 330 829 468 989 462 179 576 813 7 252 653 797 968 162 896 603 337 305 367 76 647 34 398 22 419 212 745 484 556 736 59 567 612 57 647
9889 9080
40 2 0
1034 892 833 517 847 618 663 570 1090 776 699 1067 1173 712 892 795 516 944 736 1056 699 773 811 1024 925 842 592 821 796 1343 747 427 618 140 970 1032 923 464 323 706
314 219 639 269 260 516 367 32 962 434 731 195 704 624 241 737 45 557 754 978 694 487 658 826 202 612 27 805 625 952 983 57 321 23 628 933 837 832 103 681
771 965 524 512 560 25 103 609 240 353 642 985 833 44 813 273 303 616 161 855 540 146 68 862 673 582 648 112 785 948 225 130 889 257 451 214 698 14 368 330
10432 9563
100 2 0
1068 1112 310 433 655 822 633 385 1068 993 300 543 1224 795 331 868 1029 704 901 1246 802 831 79 1270 508 329 583 467 1054 646 198 834 376 791 670 660 720 244 231 732 696 759 732 344 385 698 601 886 458 619 679 875 561 765 719 562 455 613 586 936 634 641 915 1007 1073 815 881 929 958 311 194 645 1011 1076 455 720 526 967 910 626 883 1009 704 1186 605 937 845 491 370 878 362 760 407 646 775 1264 787 701 609 402
986 570 591 467 251 79 182 522 685 845 58 355 901 609 151 13 888 694 621 803 985 318 37 910 279 509 600 382 412 457 58 773 545 218 348 584 881 129 384 212 777 129 480 563 441 554 721 592 696 183 101 573 279 687 471 40 593 184 78 296 336 575 506 713 609 927 340 779 633 392 210 597 936 985 457 61 140 687 975 400 879 606 260 602 701 888 711 20 434 826 12 227 276 218 202 985 412 930 115 275
843 769 16 239 833 653 690 43 996 582 441 297 655 483 224 751 313 213 846 872 538 586 66 912 602 144 117 311 973 182 297 153 170 647 385 402 390 348 53 587 600 759 18 106 326 283 426 966 214 395 758 989 101 274 25 483 94 818 844 585 193 704 642 902 872 542 934 941 339 184 124 217 855 605 443 750 334 448 21 630 874 985 175 945 396 130 244 648 112 736 59 498 8 762 581 935 392 398 659 67
24283 23985
100 2 0
752 1012 1024 767 370 827 983 837 280 1017 1144 1015 914 512 964 515 759 1052 249 928 937 573 375 1244 969 957 709 589 672 898 978 629 706 960 777 1341 543 804 963 822 1265 977 677 737 1122 935 1014 480 900 1111 102 586 927 954 957 352 872 947 767 561 832 626 1023 1081 885 723 859 633 1094 489 752 1061 672 266 856 695 666 938 834 816 1104 847 1074 783 677 922 767 290 629 863 814 573 688 1004 426 1081 796 1034 1235 639
557 958 432 527 241 798 739 645 161 79 607 118 237 779 304 238 766 991 266 616 835 284 14 986 816 714 302 287 290 269 689 166 272 398 252 946 309 203 930 257 909 866 367 544 624 869 764 122 309 858 55 182 711 432 501 540 815 814 279 388 228 367 491 237 790 602 782 300 805 210 258 967 410 107 143 49 736 724 563 882 619 29 755 431 350 420 167 191 473 723 627 879 66 795 489 747 202 895 681 25
502 917 756 236 469 619 858 287 87 988 788 945 737 24 695 341 389 152 89 359 623 457 45 604 728 893 554 492 763 711 312 206 623 543 883 814 353 719 602 531 631 757 183 883 802 685 958 66 908 563 123 467 732 572 772 75 321 162 483 372 439 144 712 988 114 825 821 610 457 243 400 754 704 363 928 973 432 984 676 668 730 667 779 687 293 500 552 12 775 737 378 142 855 353 84 879 755 692 795 868
24721 27988
100 2 0
930 917 1209 854 998 760 794 969 317 451 603 826 228 696 558 654 655 581 480 605 572 414 682 969 1187 1242 918 1028 740 653 1072 408 389 1160 547 970 620 783 933 596 648 904 764 1157 610 769 824 956 744 709 445 640 1104 866 573 785 811 967 611 813 317 987 862 585 559 612 443 1022 751 406 856 374 829 885 590 742 790 822 767 428 816 666 919 1078 487 1341 1119 826 1026 560 958 740 855 294 446 662 583 1353 900 1046
629 145 920 243 599 594 447 588 223 126 176 784 202 369 539 310 347 733 143 392 956 259 665 550 921 985 911 792 399 313 318 76 47 610 8 649 523 848 999 170 434 946 200 988 650 121 743 874 401 853 95 443 503 877 549 736 553 736 231 500 311 319 496 56 166 499 132 785 399 95 70 385 606 805 160 659 504 819 292 324 726 744 399 977 293 981 523 409 450 451 991 300 946 294 349 375 742 972 470 385
376 937 827 634 527 763 529 705 362 155 641 574 128 414 13 579 89 199 223 560 188 524 471 591 509 657 827 699 127 271 974 663 50 926 587 838 675 108 549 630 10 22 584 343 160 436 69 539 730 21 738 306 765 729 472 695 922 228 869 326 272 750 840 932 840 623 120 574 912 429 893 345 482 95 682 666 745 305 962 411 579 108 833 775 14 732 898 760 908 304 737 273 477 185 341 870 415 795 997 887
25300 26414
100 2 0
1025 806 256 672 730 942 1318 712 601 963 744 555 759 589 1323 1156 811 756 739 925 1093 1003 1010 726 964 871 1024 826 272 611 459 659 1118 490 378 754 560 1051 696 550 1020 96 684 652 1083 561 904 815 864 752 751 438 961 663 1164 564 751 348 726 810 929 1172 867 804 210 1015 1322 661 694 967 872 636 1223 107 581 400 1132 724 857 558 918 771 856 1055 547 915 274 784 1051 312 1195 1181 840 766 504 635 756 905 345 986
370 192 5 813 209 795 985 12 365 254 93 385 824 349 948 880 721 418 994 902 879 995 963 483 462 294 357 741 41 738 808 659 567 277 270 481 59 924 217 427 383 166 373 476 763 63 405 548 996 985 107 216 620 122 871 170 352 60 127 515 735 986 760 736 42 945 945 712 609 598 59 394 869 9 142 66 854 151 127 194 215 33 964 997 346 715 122 8 526 118 951 688 523 43 330 881 171 90 326 473
721 716 421 141 756 924 931 930 196 1000 401 432 564 285 744 808 141 244 280 227 784 404 225 395 879 554 946 448 467 267 45 105 990 64 110 905 956 886 652 645 786 3 398 436 525 356 737 879 276 337 778 115 625 467 594 124 625 386 946 482 968 940 109 753 81 293 705 7 634 471 687 776 630 188 248 628 873 477 994 116 976 776 381 865 224 638 182 769 786 421 939 969 629 647 548 307 506 885 82 922
23963 27247
250 2 0
636 824 857 362 499 481 576 815 571 516 991 513 411 661 987 463 641 915 930 1183 617 597 842 1106 795 657 814 474 1153 959 941 958 294 920 509 1007 955 375 851 732 1125 762 369 659 1210 513 437 807 786 595 441 419 641 577 852 527 1029 877 651 1265 666 943 912 1213 1124 592 474 878 1071 552 841 676 193 463 604 670 1021 1188 554 912 727 604 452 553 596 697 511 950 1041 852 575 1027 679 798 731 425 692 991 904 444 1143 411 582 838 726 380 681 1201 582 880 417 916 710 899 773 788 793 715 909 364 433 670 658 626 1083 815 819 408 892 652 1141 831 320 568 898 493 698 1090 506 979 331 702 1428 337 460 475 491 904 582 512 685 524 648 724 922 433 918 1033 650 981 423 601 772 490 680 967 860 843 631 408 583 547 641 635 1025 719 753 654 740 613 584 353 748 672 878 715 988 785 601 626 878 1048 877 324 1115 746 810 948 693 688 985 404 546 521 662 855 719 1129 713 521 835 616 611 967 529 1258 812 903 473 692 940 516 797 1168 631 267 921 780 817 619 832 368 690 1194 302 342 377 704 619 617 766 749 582 333 1028 1026 879 374 454 1027
727 721 502 75 256 283 771 568 482 298 837 311 12 133 721 48 323 175 645 917 315 325 687 607 442 379 702 79 798 638 899 752 61 978 717 949 408 233 181 155 537 592 19 527 819 267 160 690 333 490 248 350 42 679 607 94 282 992 414 947 491 735 605 825 386 556 149 801 968 651 894 439 129 235 617 79 685 674 435 892 780 74 26 611 184 113 154 731 482 739 124 424 712 97 818 294 788 337 596 145 764 332 710 254 902 53 141 922 712 675 741 525 644 488 507 886 716 455 643 255 77 986 127 328 570 390 565 159 968 441 503 919 381 840 829 358 371 764 61 574 334 516 913 10 145 471 506 75 808 78 251 479 260 529 857 118 30 408 379 774 589 39 285 187 19 800 188 972 867 209 674 807 432 296 946 513 665 224 606 601 451 132 578 341 615 238 894 594 510 72 299 595 715 183 974 168 154 256 303 792 902 160 232 176 862 540 396 700 291 109 456 379 213 495 199 805 983 731 500 748 766 485 620 983 437 293 478 538 807 102 368 81 49 894 432 135 241 93 174 901 101 689 664 307 313 617 856 224 26 643
481 547 272 139 727 382 199 286 435 349 935 256 157 881 818 366 908 794 682 491 849 170 39 874 862 209 282 624 730 435 117 967 201 254 222 267 889 422 785 382 805 64 564 367 812 451 709 531 683 342 618 105 292 397 242 467 804 501 338 682 185 590 895 925 928 338 728 150 500 171 310 237 45 658 269 826 786 896 264 721 565 744 491 151 127 933 685 594 755 518 712 918 78 626 186 308 151 838 311 501 829 396 442 931 316 701 729 903 82 617 2 626 283 878 653 511 13 754 864 194 388 179 691 262 971 400 706 533 135 505 984 449 70 203 616 414 887 795 142 710 92 686 999 0 428 214 26 902 189 399 982 105 593 900 956 169 835 995 426 484 227 726 957 28 921 374 938 704 168 345 408 47 478 772 392 717 707 214 540 10 616 210 650 598 749 375 727 382 612 947 526 701 192 221 658 617 550 871 633 112 293 33 589 328 284 182 398 978 856 849 385 406 795 512 716 885 268 488 153 71 997 130 901 634 67 226 512 872 265 974 889 615 913 507 97 374 510 428 118 57 619 507 258 276 914 570 543 80 222 807
59564 63094
250 2 0
578 608 607 933 634 475 510 674 1127 911 721 545 827 643 656 537 563 665 900 727 816 461 373 1186 908 811 844 339 608 778 961 754 1131 558 807 529 994 627 867 328 638 999 879 400 540 449 932 706 401 770 554 227 1174 925 1027 638 718 724 887 693 869 711 1141 495 1396 941 486 520 853 640 618 743 895 1122 872 1005 204 943 391 713 632 221 1025 297 1065 575 532 1021 516 726 383 905 1116 995 900 669 649 431 1021 1112 614 1321 593 1305 489 444 251 342 906 796 934 825 873 1052 516 478 645 913 1012 711 643 1254 259 868 796 1228 818 603 598 911 778 209 1163 697 434 472 723 936 1121 231 1298 596 789 523 996 924 280 709 706 741 413 1268 196 923 1190 982 802 495 934 452 301 808 750 694 549 670 1135 807 989 551 533 912 390 613 405 624 500 521 714 829 919 342 1027 502 946 582 590 1021 796 469 1014 756 412 479 1159 479 458 958 541 308 783 803 1255 887 880 495 495 1145 546 598 706 629 652 424 425 753 657 608 661 670 703 750 874 413 473 585 675 357 1109 534 1285 349 566 707 885 703 560 457 1056 297 1031 469 343 963 898 425 271 452 861 882
996 687 734 891 434 383 599 312 636 713 177 178 582 315 369 369 860 338 211 441 151 296 306 769 971 917 777 59 370 424 818 306 715 893 609 389 970 501 928 78 415 826 553 452 413 39 866 208 382 440 534 22 860 859 730 33 214 475 291 505 62 192 559 57 935 589 698 97 690 888 350 263 959 962 819 459 162 955 1 691 590 104 989 168 667 130 39 946 558 628 81 722 825 801 344 208 85 154 885 653 600 801 272 962 159 32 54 27 847 704 550 586 299 658 449 30 146 545 970 127 31 896 25 606 787 915 24 224 933 999 780 28 535 861 379 557 681 415 469 320 821 167 839 616 427 460 377 392 146 905 57 760 231 165 910 834 712 233 781 169 10 378 559 308 254 548 856 139 437 623 192 769 29 308 422 223 25 366 390 722 627 184 623 297 358 45 629 435 820 252 868 356 583 93 810 674 553 478 277 541 701 601 632 403 980 123 666 457 65 769 182 287 354 245 202 60 11 252 526 445 168 194 516 221 792 677 990 82 496 605 936 53 676 69 420 84 258 522 637 531 470 506 15 559 715 216 165 669 810 982
21 309 3 2 577 379 214 999 742 775 547 189 572 671 897 525 25 83 748 694 609 82 235 961 788 40 359 247 341 212 549 588 961 88 81 165 977 482 290 44 544 336 967 162 407 750 635 379 81 451 428 327 649 247 369 951 824 319 843 372 969 312 875 35 933 990 252 353 86 22 250 895 750 362 827 583 94 283 602 675 639 43 931 131 993 569 654 255 274 585 170 409 698 829 517 600 696 191 416 823 401 920 355 989 795 31 436 12 743 519 757 465 820 821 324 258 857 609 113 934 577 719 463 724 520 663 929 357 238 676 295 109 903 368 255 148 203 840 885 44 788 855 296 334 695 489 99 969 769 319 690 880 52 744 939 994 169 87 124 267 191 384 392 786 639 375 870 690 910 404 710 698 24 322 332 992 332 649 290 651 955 214 508 542 611 877 119 835 105 157 308 472 180 598 996 81 52 655 113 69 176 925 990 681 592 293 157 967 436 426 529 731 809 318 354 633 511 635 200 207 828 599 739 158 63 290 236 430 758 68 742 167 242 400 701 818 603 330 767 36 1000 54 194 403 555 105 124 10 596 637
59447 60814
250 2 0
735 964 695 676 1044 781 758 534 797 415 712 337 988 1127 1006 963 559 741 392 536 888 910 793 1105 891 620 880 743 393 656 656 777 538 956 380 910 756 429 1049 686 743 679 948 545 560 1070 548 1315 501 1148 769 866 733 1059 675 646 407 621 728 636 348 617 743 867 1156 935 1296 671 445 421 277 738 789 741 858 246 922 1017 631 334 751 830 769 774 910 517 990 514 1032 600 738 783 517 1014 838 518 710 771 1049 823 810 1104 929 949 909 742 984 826 686 1126 705 865 597 690 884 579 1042 516 762 1304 987 1325 342 631 842 542 609 846 903 882 712 329 921 679 586 529 745 297 1054 948 315 465 816 764 757 799 549 631 1074 915 448 665 825 780 421 849 479 801 1067 1132 798 947 997 979 946 982 1197 805 588 776 1027 790 1045 553 356 923 660 988 1129 1169 943 426 911 1136 482 1077 1169 862 741 359 637 736 455 752 532 639 735 611 909 534 420 438 932 864 585 624 754 889 738 1078 347 852 1060 998 1015 740 576 1007 561 396 871 413 1161 461 811 917 725 766 392 603 673 935 1177 1008 549 1121 828 926 789 663 1084 1025 757 525 643 801 1212 534 1146 248
474 935 305 232 551 334 635 556 218 218 673 202 922 968 205 791 12 509 99 725 595 216 203 927 172 159 318 543 246 232 17 790 70 543 20 978 714 229 924 398 902 168 835 239 215 754 139 989 209 944 729 177 134 985 69 149 660 175 194 52 571 311 289 47 392 628 894 652 423 355 35 602 390 450 861 222 701 805 723 333 247 168 630 410 725 493 719 566 535 404 300 499 176 554 192 496 289 907 457 612 549 990 536 629 101 726 182 411 119 654 592 493 537 264 887 214 441 57 32 905 767 964 47 45 195 594 529 616 361 761 368 308 629 189 21 442 312 336 976 633 196 461 430 292 917 555 427 404 869 555 419 154 858 589 285 466 351 736 514 924 444 854 460 970 313 890 813 502 885 379 570 570 999 39 215 521 905 279 795 684 824 383 396 797 460 973 797 796 415 73 329 516 524 466 523 621 115 255 363 241 461 143 720 65 960 591 294 394 2 765 470 440 541 871 308 462 375 934 454 280 569 592 707 168 289 792 459 772 43 287 432 420 880 439 578 593 438 498 659 371 269 835 665 291 318 903 649 356 853 332
950 373 793 470 712 560 262 182 502 145 30 367 914 741 835 833 643 714 585 166 591 989 477 858 908 893 939 69 155 106 522 1 630 833 714 328 181 581 565 128 42 393 430 541 0 872 216 677 338 862 95 617 878 914 541 182 82 304 928 294 106 35 339 978 985 379 803 288 206 131 131 825 263 594 665 132 690 354 268 150 501 793 821 744 596 499 597 7 902 119 827 86 544 932 510 97 750 614 679 464 734 381 525 995 797 673 925 657 316 875 57 541 419 678 421 277 654 714 924 970 607 689 141 874 749 13 401 501 638 172 550 179 878 527 358 316 894 190 397 269 202 228 406 518 121 544 514 220 890 768 236 915 517 709 277 380 529 729 998 861 334 357 845 319 812 81 949 721 202 445 793 40 724 548 165 571 69 703 688 873 934 321 430 942 23 990 779 283 392 119 765 157 179 132 211 268 418 525 512 194 200 90 601 800 25 605 510 439 832 537 111 708 760 378 743 606 600 495 105 381 726 55 944 597 526 454 959 565 231 893 492 542 1000 637 353 684 564 440 284 497 946 610 124 522 93 594 916 33 915 128
60697 63478
250 2 0
612 737 950 1214 613 915 592 919 766 473 643 579 862 914 1078 702 870 1053 290 859 704 928 770 344 592 947 1191 1300 404 1043 604 724 716 986 1000 633 1011 956 635 664 665 962 490 378 591 749 1053 713 835 567 671 875 837 328 1055 1411 515 881 749 888 538 434 734 118 797 980 257 1058 754 1129 465 550 567 793 478 625 523 663 502 460 308 833 557 629 396 909 409 597 950 1199 646 771 766 780 920 309 967 971 710 958 291 786 981 655 895 696 782 541 967 755 722 936 1032 634 439 397 398 695 822 1144 612 428 979 1257 693 1144 665 1036 591 471 993 641 946 820 663 1069 734 764 819 589 729 622 1174 294 614 819 781 1123 1320 1128 822 824 752 441 793 859 623 778 998 351 550 1152 1047 957 800 1016 623 702 501 1048 1093 1001 1052 372 561 665 513 571 224 809 754 512 736 1346 857 162 1270 708 755 802 721 858 735 508 528 481 259 780 761 1111 1072 797 884 1054 212 797 810 957 834 621 947 771 1311 755 815 307 543 1051 553 779 1103 1027 750 675 911 640 863 695 759 823 723 552 1004 856 584 396 725 1013 1369 1001 930 716 816 1049 606 743 808 920 906 1065
259 220 28 990 196 944 251 381 478 65 211 476 829 339 638 307 813 970 237 412 66 441 828 358 677 605 760 793 21 935 940 545 319 343 632 360 296 546 124 529 573 242 238 593 314 508 651 921 260 83 424 875 68 43 693 974 607 664 70 882 543 316 267 53 674 520 172 263 57 788 508 240 563 270 173 137 176 318 195 493 456 704 92 370 246 116 116 840 972 968 572 643 433 819 977 339 1000 884 806 919 343 685 395 465 759 89 816 96 647 881 272 667 789 764 220 77 95 465 670 990 422 606 635 990 476 862 957 882 570 6 1000 536 865 428 63 956 266 756 735 835 1 244 864 126 827 662 773 608 806 679 342 586 13 128 545 401 442 64 451 495 843 963 647 859 608 486 86 453 254 816 628 871 550 277 200 123 37 496 114 288 319 615 832 845 597 235 930 357 598 138 866 439 437 32 846 280 41 579 815 673 710 449 199 460 209 454 153 961 989 63 872 361 974 498 264 159 263 987 948 625 914 687 433 258 21 125 530 836 177 636 140 914 902 444 331 70 190 990 853 604 119 368 35 972 82 536 461 726 559 967
317 880 966 785 913 540 351 720 111 683 709 78 72 493 847 382 773 582 132 391 621 638 181 23 267 869 779 871 105 224 64 535 665 882 867 191 747 745 946 706 521 715 511 23 15 227 535 118 788 276 359 852 660 95 592 944 97 449 943 172 384 60 673 59 486 804 69 969 872 974 65 653 270 918 414 654 333 47 9 208 134 873 716 788 78 782 690 204 472 526 91 799 227 298 691 238 22 879 390 197 211 537 843 247 486 716 487 418 512 483 483 879 289 383 227 594 680 509 444 642 754 160 912 772 557 763 373 247 511 782 955 577 585 846 296 239 310 617 59 196 950 440 725 357 87 969 348 930 909 683 671 807 735 474 164 442 487 540 852 200 212 756 935 252 127 733 191 619 56 496 602 831 778 62 85 466 640 5 69 873 596 337 179 942 356 83 852 322 708 612 432 548 286 11 82 3 456 387 51 637 864 163 939 744 22 398 714 382 451 504 623 648 942 57 992 83 80 900 146 36 951 454 940 312 893 806 275 284 812 443 599 163 954 411 14 46 600 80 924 969 988 609 965 830 883 309 302 481 317 242
62741 62061
500 2 0
765 559 1037 765 1018 461 811 584 588 494 779 241 525 1127 1022 434 562 795 1075 1197 1006 518 592 1107 554 549 177 809 718 773 1172 857 389 432 774 1052 420 771 1195 1244 1062 598 793 1031 761 463 917 1186 1020 742 1162 620 532 384 321 630 697 1003 1305 792 613 873 764 372 663 849 599 337 790 886 658 729 762 902 1203 511 866 589 1189 559 758 869 545 1001 782 767 52 1414 479 629 1008 934 823 734 639 519 483 592 1202 592 518 682 428 900 816 1022 1005 789 410 738 916 1029 618 199 901 807 736 598 972 1120 833 760 769 570 820 880 644 400 559 572 586 610 737 557 327 488 604 872 386 441 872 699 1103 722 743 736 604 697 463 1252 651 448 908 718 670 1204 580 601 1338 558 845 1001 552 769 1139 943 921 1245 883 364 428 568 698 988 564 727 585 659 304 525 1021 803 1228 589 639 512 790 593 991 967 819 970 1068 785 669 895 902 727 852 402 878 1101 760 987 129 698 354 950 611 1056 711 988 847 1060 876 962 553 1195 1076 997 1117 863 1002 987 464 854 331 866 437 1142 972 1191 198 713 800 866 884 542 766 611 468 647 690 492 905 612 859 734 355 583 750 886 980 703 695 749 545 536 584 996 432 979 576 713 892 918 608 536 607 1148 396 1035 479 964 538 1066 1056 1169 698 1078 999 695 799 696 1065 749 561 908 564 732 887 630 716 1159 390 943 549 660 1022 1089 677 478 846 853 463 825 872 969 742 1185 953 654 748 1104 762 1024 836 877 418 401 1190 535 607 901 936 1309 724 502 790 872 552 874 938 724 340 778 1061 726 713 549 587 776 863 929 1162 873 830 395 962 649 817 948 630 334 811 754 171 499 703 897 950 682 725 643 763 915 779 754 529 649 560 765 594 1161 616 1022 1065 322 463 990 1145 806 670 790 800 720 1462 657 508 760 562 587 797 926 699 510 1031 863 419 749 1021 244 746 1256 702 1032 392 903 550 935 713 592 583 882 1003 922 1030 1206 682 881 964 864 1224 458 979 935 362 714 872 1313 579 809 1040 1141 693 830 316 685 519 1012 1058 694 770 1138 745 881 756 560 1335 262 860 757 382 529 997 522 870 1053 449 843 1276 629 652 653 809 681 999 766 1149 1004 1373 714 837 1002 1118 814 1022 1099 897 510 979 832 357 663 383 435 620 595 934 978 542 603 382 864 977 1058 872 728 683 1061
907 584 713 360 323 229 646 51 226 191 695 162 46 629 492 492 368 16 385 731 620 51 601 612 71 793 181 429 794 423 872 682 761 478 745 807 44 568 777 795 873 772 340 426 878 658 668 898 683 309 937 190 678 722 329 52 611 708 645 600 685 879 845 160 295 36 297 147 656 479 491 348 714 884 954 603 648 880 702 289 739 446 601 367 877 310 41 936 218 990 776 808 335 252 268 187 212 356 566 557 751 178 370 293 585 940 623 823 561 391 660 580 587 29 727 92 371 689 133 968 195 154 301 878 822 317 86 46 194 705 287 459 288 15 50 275 312 121 79 79 374 561 975 852 88 647 19 665 152 884 734 548 384 838 376 768 578 356 987 490 743 905 841 907 887 337 804 905 730 7 16 109 261 515 88 745 168 155 430 236 699 286 812 215 386 20 474 80 658 137 402 731 782 996 515 599 249 942 622 132 739 548 916 855 63 606 20 427 661 944 579 606 870 939 618 573 691 639 757 575 849 140 839 337 618 762 385 117 20 314 704 814 119 880 620 351 331 120 416 770 434 147 164 590 806 609 232 965 353 285 387 265 370 310 897 89 288 833 160 698 160 983 404 463 249 677 160 623 194 817 728 741 269 455 123 977 714 886 613 853 323 871 6 243 905 580 99 401 149 568 859 760 7 762 268 624 318 500 683 666 217 139 754 21 225 184 504 554 663 826 910 645 92 992 465 964 621 840 351 46 425 926 421 264 603 988 157 283 817 972 330 609 934 853 557 149 913 178 192 370 85 823 307 748 953 644 45 131 753 422 682 682 414 104 680 508 284 420 369 921 432 428 516 286 661 612 795 890 416 606 227 771 117 919 3 184 921 510 46 127 401 716 456 819 198 792 973 351 166 295 78 865 428 238 439 682 453 47 290 60 753 2 861 735 828 666 94 908 179 813 611 768 202 687 882 810 789 529 364 740 359 383 579 393 715 577 34 190 953 905 577 922 276 736 511 611 101 418 370 585 790 270 895 690 211 667 73 241 801 215 722 922 38 353 817 142 986 783 511 216 753 357 897 35 939 9 712 566 690 535 885 212 687 945 828 307 507 988 865 574 241 417 421 58 511 118 263 271 879 405 808 766 229 30 874 773 683 320 938 428
417 340 840 611 969 678 660 201 607 489 260 9 895 704 609 269 382 800 790 780 549 822 444 921 422 0 45 202 606 505 636 335 14 337 470 413 478 41 690 780 602 283 450 807 606 182 286 503 659 514 908 933 115 27 196 530 563 985 996 72 322 5 282 409 469 685 825 409 670 504 399 685 462 162 534 314 411 39 938 561 584 467 473 921 517 622 9 986 530 4 733 200 958 799 57 470 675 148 907 76 18 584 7 741 492 676 528 178 58 151 986 554 154 223 378 795 120 337 970 501 974 942 507 243 290 475 266 59 588 341 662 384 363 788 427 154 555 867 118 508 891 118 817 61 545 420 658 680 222 705 172 336 686 244 170 954 204 564 956 370 280 428 155 240 945 783 472 694 968 219 606 774 765 528 246 24 511 604 136 299 910 379 760 17 527 755 197 380 957 968 702 292 868 81 738 879 741 244 877 139 935 908 587 149 184 691 78 765 429 574 613 597 752 441 747 807 124 900 801 950 554 628 450 664 303 329 267 714 57 975 451 806 150 38 706 426 735 910 796 36 352 923 994 157 931 68 912 135 350 264 984 1000 756 742 125 899 130 97 954 630 132 366 741 387 822 463 483 20 434 889 47 923 439 754 732 900 476 486 703 975 715 415 620 434 668 586 521 943 151 144 457 1 949 781 163 900 416 567 407 662 494 251 200 870 250 562 806 504 597 590 547 59 534 909 106 985 703 721 106 340 984 102 269 846 975 752 970 528 415 464 515 934 401 252 78 932 442 867 525 128 890 84 738 256 555 478 1000 412 352 603 278 492 426 425 740 258 30 58 456 374 877 579 705 148 580 289 328 209 229 134 762 709 467 754 755 962 842 58 818 933 918 261 482 733 434 229 960 768 756 667 382 310 481 769 336 281 921 757 209 500 986 414 491 802 214 515 152 818 72 661 358 101 913 773 226 643 335 985 951 306 860 397 880 169 610 798 546 570 737 926 59 517 844 821 181 439 143 951 216 905 517 396 420 782 843 358 506 573 986 276 4 507 23 163 800 672 710 415 331 537 968 164 180 632 549 866 386 255 709 902 985 481 366 917 518 829 691 410 659 310 927 955 65 481 130 371 866 280 102 686 40 340 234 959 911 618 758 443 299 782
127149 130110
500 2 0
885 1082 1135 1104 665 1009 888 611 556 668 938 557 685 945 911 761 573 693 556 705 424 1086 804 903 916 470 931 489 747 1029 636 608 634 1163 790 565 990 308 716 388 1051 609 649 533 1061 827 892 780 589 609 605 969 914 995 1016 1064 636 725 808 527 792 891 429 284 1063 650 678 1226 1389 404 1036 950 772 812 1013 954 844 594 564 980 1149 732 932 911 626 555 847 1057 679 341 707 659 596 852 588 476 1067 352 492 759 803 1288 1060 899 926 839 832 597 159 712 1202 828 332 391 352 934 871 554 667 924 1192 683 856 725 727 495 749 659 948 726 551 644 409 903 571 935 748 833 242 1408 675 381 542 742 526 1154 704 710 985 425 517 792 1287 804 1226 243 131 539 952 690 810 695 304 1259 525 1240 998 672 928 885 1039 862 548 580 527 728 896 631 1239 997 567 841 379 316 987 506 1140 563 721 279 919 971 616 1051 288 506 683 998 802 562 867 1311 454 906 726 539 343 705 591 1137 794 839 551 1061 1118 488 841 656 1020 367 655 592 757 438 703 704 264 940 615 880 934 581 889 631 177 634 538 693 665 159 1003 388 818 789 975 784 377 749 613 557 1118 1085 905 765 1020 1034 406 829 961 1062 847 482 481 648 677 381 559 537 941 922 837 777 966 295 349 639 566 969 1015 532 995 371 986 922 770 958 662 865 980 609 817 537 984 825 226 494 586 958 513 692 309 622 884 933 850 865 705 594 976 608 487 542 360 1205 549 781 400 1087 658 724 937 755 1064 381 586 1007 1098 393 242 1056 988 910 469 705 611 810 668 645 623 681 606 949 1052 639 838 1254 917 880 767 1369 751 687 576 265 879 1085 304 1419 616 615 517 880 596 808 1021 805 1128 989 660 637 529 253 1036 831 616 266 594 805 731 710 577 923 513 994 974 881 978 811 914 733 353 1016 756 1176 509 411 884 921 1234 685 531 969 687 758 512 803 507 273 756 976 791 787 845 546 730 654 491 913 934 298 617 498 961 889 859 902 631 837 686 610 1079 694 432 878 479 786 1235 451 801 463 479 1074 470 482 1006 732 1173 1299 1010 1012 527 720 1135 602 795 414 560 161 1115 536 267 255 526 828 485 470 1145 245 874 837 825 974 357 541 978 652 1117 759 683 927 842 902 666 926 584 484 660 731 377 435 409 914 728 652 607 419 917 760 1219 798
763 978 929 695 153 747 69 95 316 597 622 209 339 205 693 273 504 535 557 334 11 601 548 891 820 543 632 31 527 925 275 624 361 823 361 476 938 412 259 91 718 166 770 60 551 715 546 463 320 477 931 743 894 649 934 212 835 58 917 333 540 676 56 72 920 846 225 874 914 397 502 510 495 674 605 336 862 76 910 997 751 978 409 948 437 104 593 516 628 41 228 880 402 869 2 610 760 146 213 437 953 999 999 643 995 703 371 203 62 340 720 180 319 213 307 775 673 805 602 571 719 716 776 165 388 699 206 355 759 381 163 644 182 834 220 443 440 211 95 930 376 400 286 235 149 879 462 183 556 162 31 455 846 564 814 196 91 885 878 222 709 209 148 892 276 870 708 569 987 279 742 501 126 613 143 185 811 511 769 573 230 901 8 262 377 439 479 709 161 546 623 606 527 759 281 45 68 513 660 167 423 865 143 629 69 774 201 561 156 473 978 802 503 977 441 487 567 757 939 321 541 155 476 9 151 171 443 501 254 619 831 392 666 21 35 123 427 350 758 134 984 529 751 475 579 439 322 609 613 717 963 838 472 242 731 982 25 935 760 932 48 356 87 219 766 62 466 568 872 316 862 724 930 253 106 998 424 688 651 32 408 183 496 477 169 88 74 214 992 423 519 309 770 298 21 415 108 703 368 532 235 482 598 813 678 816 295 408 246 163 309 135 436 922 17 995 143 703 442 178 633 887 493 576 124 543 329 707 397 619 878 913 187 52 571 957 243 257 610 361 365 124 312 673 322 720 698 599 566 889 354 393 37 158 568 866 305 964 956 40 310 604 720 551 502 308 855 699 268 327 152 272 801 937 352 314 1 396 252 504 877 600 127 396 819 894 367 931 905 856 155 682 657 929 187 502 728 779 804 472 475 343 88 677 533 741 444 102 952 663 826 438 684 604 531 345 64 683 477 123 561 771 528 968 609 398 71 739 134 115 618 844 94 391 390 982 847 322 913 479 579 858 251 355 638 840 972 919 884 446 186 139 857 45 216 409 915 142 876 433 289 47 363 506 146 358 343 64 460 960 853 769 175 413 272 692 738 523 986 887 735 803 169 711 409 625 171 653 311 197 17 628 350 656 566 130 703 988 741 6
307 461 837 780 634 915 995 294 467 624 905 865 868 782 714 349 261 414 414 473 232 692 396 695 221 116 866 664 108 527 298 365 44 693 361 599 329 159 425 588 876 279 173 377 679 486 977 331 99 110 118 376 8 647 598 961 114 957 558 677 699 835 498 142 674 280 718 788 930 49 1000 802 779 612 881 737 14 888 174 576 713 220 581 33 91 712 496 856 452 292 983 427 372 776 939 243 563 286 221 456 310 993 577 542 159 585 621 376 245 180 747 587 58 229 278 136 864 205 630 538 952 508 887 306 143 46 979 339 915 968 195 292 391 775 106 831 880 800 280 954 836 245 576 972 6 617 5 325 831 451 790 308 893 503 671 156 124 41 337 655 267 313 190 827 587 720 884 134 517 980 447 958 579 189 279 872 473 58 902 709 460 107 342 349 605 226 982 313 630 9 311 515 22 817 223 436 672 563 597 19 562 871 303 512 933 197 422 591 580 904 173 634 585 445 894 475 321 327 195 231 285 98 76 128 525 801 12 502 213 294 557 504 966 589 296 463 541 524 338 71 667 210 788 434 920 479 23 312 201 347 288 720 575 336 895 125 321 557 718 624 983 136 710 896 228 394 324 223 518 629 332 720 860 229 551 252 41 254 874 374 830 548 540 991 855 930 818 590 185 376 328 179 470 649 3 80 85 886 140 546 287 26 730 873 111 854 870 253 746 179 154 400 252 643 292 215 487 533 462 715 262 233 693 54 519 598 957 4 77 924 751 658 72 693 222 266 614 731 619 141 719 985 945 183 973 981 395 456 47 970 362 884 130 301 752 953 142 994 54 765 357 301 215 919 775 826 746 774 804 335 637 174 291 227 519 89 407 528 513 709 25 584 59 683 777 834 940 428 676 293 178 910 451 452 43 18 359 81 870 452 486 685 473 596 49 661 30 268 508 940 636 685 100 108 845 223 687 242 854 182 312 49 984 695 920 925 262 81 428 470 586 243 613 635 192 76 675 465 323 45 210 856 85 554 959 69 989 820 261 957 87 311 882 653 803 243 42 15 372 314 110 184 648 220 541 67 959 95 672 337 398 977 511 621 937 229 748 169 67 386 777 416 776 536 56 283 220 9 23 159 737 679 578 567 130 5 583 177 767 702
125456 120994
500 2 0
1008 776 935 954 350 777 828 1074 861 609 600 643 444 597 764 882 433 779 918 1110 1007 813 552 951 862 1067 663 327 1021 623 583 522 732 1250 762 875 178 703 1029 548 1211 820 820 1197 711 380 689 889 640 345 879 968 381 647 924 938 147 826 383 513 351 609 1160 358 714 677 490 593 684 616 621 660 912 437 824 1304 434 642 484 712 608 1333 793 916 741 1030 973 1318 513 1078 533 998 669 597 874 696 298 753 945 1204 619 803 907 443 705 803 499 804 1284 425 660 828 967 608 811 542 949 762 365 732 893 932 434 355 785 683 591 782 595 606 792 957 832 826 584 745 659 987 1032 769 762 994 739 553 1481 685 1065 711 613 1266 768 311 598 687 1087 441 477 838 760 1052 898 462 579 450 1206 590 571 872 1011 378 717 638 1265 798 706 421 745 798 800 756 881 409 884 1271 574 994 285 1316 755 869 691 944 652 763 763 382 1012 571 114 576 524 727 1018 1045 800 492 715 842 502 229 631 530 1146 673 829 791 389 348 1057 874 820 628 598 817 715 297 1184 633 793 828 955 640 1038 743 1035 547 863 364 924 817 735 965 1124 781 777 270 460 1114 710 920 680 595 690 647 789 751 960 776 392 497 432 790 1016 819 644 916 713 477 1028 672 854 1084 649 843 988 648 709 391 522 951 866 1153 723 887 765 577 703 880 479 1245 862 754 947 814 556 322 584 584 429 633 1193 375 775 353 643 1001 675 1011 688 366 765 610 681 500 887 562 241 404 399 1203 1027 1214 1029 955 856 486 810 526 939 812 788 944 1169 645 744 740 789 421 674 687 748 1021 368 1031 558 441 431 1087 705 791 952 815 1118 798 446 895 631 814 418 950 652 499 194 935 1147 928 581 681 472 574 1269 431 467 589 810 1092 698 816 471 214 827 702 329 818 547 1020 794 646 914 974 896 1102 657 774 508 709 1016 808 593 856 823 601 860 968 1278 220 820 811 827 395 547 409 969 273 1150 944 895 1158 848 1031 644 758 670 480 474 593 845 941 866 775 849 866 935 671 610 494 751 857 1200 652 692 639 864 883 483 861 1045 305 685 731 769 634 717 795 772 742 1121 794 201 445 513 863 654 385 489 536 448 927 463 482 757 799 803 654 1019 529 498 1136 993 810 322 475 975 681 716 849 697 871 536 708 1091 829 918 750 342 1195 621 597 941 600
295 658 979 957 302 755 464 999 571 325 237 621 565 25 819 728 207 139 377 927 975 26 119 334 366 510 562 291 819 312 698 438 170 699 790 978 161 279 904 242 908 289 763 973 670 621 520 672 694 135 468 759 463 96 654 312 23 370 173 957 208 795 985 369 339 454 364 275 58 160 963 389 506 56 520 977 418 191 80 411 936 932 682 715 267 622 402 719 5 701 335 820 74 855 223 201 419 774 660 674 497 132 893 427 517 645 499 970 892 78 99 574 477 850 567 182 886 99 438 144 339 987 460 241 271 489 316 892 64 4 529 887 860 445 97 427 187 253 641 398 230 664 851 629 980 481 971 733 320 888 960 429 319 209 936 250 220 580 596 973 944 367 197 571 890 448 119 971 875 8 383 687 952 587 430 424 95 158 419 869 685 112 962 962 366 727 16 875 414 900 918 828 188 555 206 36 466 123 64 485 62 730 947 893 431 180 429 581 286 201 764 250 449 399 703 995 351 536 987 946 161 301 664 648 246 522 794 332 6 315 35 261 914 910 661 258 296 127 894 508 0 662 404 34 61 249 217 703 359 976 160 710 599 689 753 853 578 44 375 11 255 41 668 540 299 712 210 133 907 239 567 948 665 810 649 723 128 225 190 305 929 558 208 366 271 471 678 781 50 704 588 400 956 433 95 5 275 655 569 502 797 351 595 157 371 263 383 126 538 390 798 304 466 81 547 595 395 605 288 987 757 665 851 904 853 483 406 694 829 329 205 586 785 986 616 522 127 319 418 667 111 781 241 871 317 330 301 619 225 156 777 712 823 910 293 26 161 598 74 918 428 73 64 492 813 627 304 910 218 535 722 712 1 223 842 544 521 69 73 98 259 512 136 750 806 801 768 201 125 603 911 861 248 785 362 933 653 436 484 982 709 236 283 370 846 18 735 595 860 51 745 160 409 446 377 546 681 960 825 851 141 358 308 235 495 530 796 914 754 855 30 804 880 302 188 370 837 191 633 762 514 87 881 939 234 395 477 138 290 702 553 848 257 355 612 740 615 676 157 0 577 39 886 446 296 88 282 916 121 481 216 781 312 510 832 539 187 789 633 695 276 564 322 672 456 710 938 528 387 128 998 299 159 165 386 706 64 187 483 736
861 726 588 486 313 578 839 912 623 881 219 304 280 400 555 351 507 957 735 320 550 845 774 604 386 923 276 89 985 693 378 248 428 822 505 207 37 747 374 52 730 566 862 925 584 82 441 563 343 142 562 532 208 574 967 569 186 688 221 28 480 63 437 85 329 38 155 30 313 707 48 870 585 34 688 731 8 105 862 49 261 780 434 423 971 802 551 989 807 497 193 338 425 56 662 597 112 292 505 811 266 746 597 376 364 524 363 561 954 342 985 486 468 328 236 283 135 863 276 532 846 670 95 377 654 195 432 338 482 213 261 792 260 473 387 586 179 972 582 370 521 505 187 307 989 712 282 491 547 747 38 22 429 547 840 364 77 939 239 608 303 339 138 112 732 229 805 311 276 280 278 212 757 226 969 358 607 555 196 125 999 345 626 846 49 352 351 840 148 409 207 556 916 37 948 625 958 624 18 560 82 717 253 704 710 52 284 609 84 230 104 562 875 92 685 388 378 81 158 223 616 343 480 466 229 56 836 860 849 868 928 456 999 491 558 452 713 546 760 146 505 368 854 755 743 122 9 596 775 199 668 415 681 171 381 514 480 980 69 619 329 707 632 907 567 189 963 687 991 727 345 346 418 568 705 32 745 209 811 662 751 840 479 605 609 666 641 64 79 901 483 503 18 298 701 113 529 212 274 680 690 83 704 526 352 918 109 933 720 249 670 634 574 429 469 53 70 41 96 855 879 993 539 238 478 340 284 350 154 508 716 558 830 28 699 187 485 117 685 660 884 270 385 971 698 551 428 739 319 588 750 210 602 251 95 785 912 780 617 92 319 792 288 871 522 516 181 278 521 479 888 151 154 883 422 861 162 601 56 62 485 522 398 638 4 736 447 837 850 921 305 821 348 74 270 269 671 821 665 211 334 551 586 910 736 135 540 716 61 667 137 60 728 66 992 603 243 413 189 425 199 230 332 607 75 269 444 455 218 504 969 921 145 425 967 554 575 585 965 0 659 513 317 737 483 826 728 248 301 97 6 292 802 670 594 224 810 70 222 689 270 922 244 239 7 418 415 387 609 201 1000 46 818 556 926 268 236 746 517 799 259 152 902 660 631 864 447 919 121 352 889 717 966 532 77 915 388 699 851 227
124231 121335
500 2 0
697 645 509 830 943 786 790 733 803 463 375 905 603 198 538 409 1022 581 797 643 637 655 589 1056 686 297 850 748 1054 169 844 832 1189 678 673 996 633 479 682 822 679 527 630 553 672 938 700 860 820 839 651 385 353 574 1346 977 894 324 672 694 728 642 424 717 495 392 1072 565 495 650 383 900 1071 713 447 946 1129 718 902 712 617 987 1087 576 682 727 653 715 962 1171 564 533 913 665 695 664 1278 622 358 491 855 132 986 928 967 615 117 539 494 820 774 463 1028 585 455 554 794 693 587 228 664 695 569 760 605 696 731 1111 719 765 813 353 892 856 710 256 819 654 399 965 616 753 819 459 1118 772 390 546 693 719 619 664 1026 911 755 187 903 743 814 544 719 743 649 643 277 824 219 719 680 159 416 1227 1123 556 468 472 335 510 551 675 680 1064 1086 956 575 117 427 709 543 926 483 771 601 702 373 832 1078 731 929 721 716 925 781 613 865 582 490 519 208 735 913 819 677 1083 538 393 448 316 871 916 633 250 692 855 789 766 516 890 707 437 1070 692 596 735 1181 1084 714 1005 554 306 1158 1138 500 449 598 548 671 742 973 614 709 955 921 721 971 663 822 483 630 656 372 1122 1023 804 678 431 720 1249 827 709 1041 670 835 797 390 1121 529 581 785 683 520 873 811 961 554 885 624 1010 820 636 842 414 920 477 832 353 593 511 997 1054 821 792 892 971 868 707 688 974 878 516 346 1324 310 901 721 384 957 795 487 858 766 981 586 790 502 624 613 1030 502 1055 579 812 555 459 504 675 490 1149 1018 762 731 999 424 665 906 1013 829 526 791 480 308 500 1099 335 1113 403 1154 1240 782 752 1024 1238 577 757 875 835 348 566 1027 874 1043 867 809 746 725 811 896 776 432 382 999 1016 1341 489 909 631 468 506 716 466 937 1135 1017 800 698 798 682 170 798 706 587 592 1082 680 814 788 818 1016 338 968 931 805 1226 528 570 489 1202 1098 833 914 818 698 115 331 541 402 697 649 522 770 717 591 628 304 638 587 503 1139 751 462 792 667 542 366 1223 987 1134 796 837 1120 590 932 740 985 1001 732 669 844 987 841 517 759 1040 888 738 732 524 978 879 762 1166 883 477 681 1075 999 698 995 702 825 840 1045 469 960 801 396 665 1106 689 965 710 468 835 1001 51 245 647 825 876 722
689 589 249 377 885 851 273 705 420 37 442 537 868 5 224 427 983 395 568 480 658 634 116 768 62 212 722 925 955 41 962 588 632 401 331 791 175 586 559 702 422 33 181 367 777 411 654 593 656 661 95 149 102 412 821 583 836 302 604 771 972 818 208 163 141 54 340 117 736 917 383 31 957 625 140 512 881 529 413 914 410 688 607 271 881 171 306 604 908 854 230 867 654 473 912 850 905 447 231 239 473 131 695 773 476 126 109 520 770 632 586 678 638 205 646 326 546 608 587 134 926 370 380 585 159 245 114 952 787 576 381 34 572 643 791 188 950 474 421 517 708 148 466 184 977 873 75 400 125 868 77 475 872 853 444 293 104 938 98 196 202 536 15 403 194 620 8 594 668 91 628 508 664 573 238 361 97 196 826 616 351 261 819 940 491 14 486 701 404 370 703 514 797 234 405 183 973 764 612 38 396 681 660 243 484 432 521 162 293 27 594 388 175 731 939 164 152 163 160 515 387 217 81 374 13 914 18 522 399 584 819 199 73 416 881 820 201 906 828 21 947 991 420 647 355 92 563 350 340 26 812 671 811 735 843 709 925 379 926 699 515 838 917 899 864 251 842 962 94 421 546 434 425 676 26 833 301 147 505 466 531 599 474 546 134 810 29 736 634 107 785 609 681 199 530 409 395 504 716 901 732 143 137 864 360 650 412 707 723 40 227 941 107 991 335 535 915 566 32 866 213 908 200 639 41 608 57 618 477 953 262 542 234 298 53 301 11 656 915 246 917 777 296 124 843 826 544 335 163 331 299 891 400 261 399 516 692 920 245 199 418 865 728 605 266 54 301 983 993 557 702 464 46 306 80 652 707 308 284 258 952 841 840 481 993 40 221 577 434 185 430 791 865 743 412 499 305 205 689 723 761 310 851 934 875 12 29 409 342 784 724 356 729 276 113 462 643 987 784 913 779 692 91 281 62 242 597 273 528 989 127 136 568 43 59 622 204 974 35 47 776 647 87 262 688 680 762 495 347 957 475 537 700 753 375 392 491 136 595 197 510 742 616 283 613 267 219 569 993 739 962 973 660 33 831 704 786 943 129 873 679 756 138 869 703 16 348 340 115 977 493 262 144 598 19 176 1 477 698 449
599 101 90 461 681 306 553 354 953 345 238 365 65 201 590 185 397 49 338 431 278 597 470 688 709 14 353 529 824 68 335 382 802 773 852 786 102 23 716 489 401 130 953 115 62 789 64 284 951 654 355 373 26 645 906 844 272 56 357 6 349 163 80 400 505 373 978 604 75 318 350 852 638 442 393 531 778 808 549 274 407 648 782 247 303 973 677 776 59 791 668 24 781 849 315 299 655 248 378 477 293 15 667 947 888 185 112 189 131 143 595 104 988 506 152 463 705 669 500 162 54 320 156 353 847 987 603 479 39 306 718 482 928 856 174 287 171 232 187 821 48 475 424 587 949 484 150 689 416 150 923 738 216 375 147 19 939 365 791 772 931 160 341 40 158 593 399 184 189 130 168 949 922 160 586 572 344 618 124 583 348 883 506 688 606 220 199 98 642 962 250 470 321 365 93 872 744 674 794 796 287 324 668 467 439 178 445 811 120 759 955 441 811 446 90 136 408 312 942 554 240 99 521 546 873 4 749 677 385 289 744 423 957 861 614 635 783 321 278 537 846 422 141 139 626 12 143 477 755 812 512 712 823 489 996 398 144 491 71 226 151 821 727 529 146 258 478 609 809 509 868 851 648 594 240 474 726 372 471 414 415 772 274 798 591 474 991 740 735 851 29 50 488 723 255 250 749 224 329 408 424 902 708 766 955 133 526 859 963 354 173 735 28 464 280 212 868 364 358 165 883 238 396 171 800 118 664 724 483 235 463 639 547 30 373 771 598 916 445 588 372 819 397 924 943 327 420 668 585 606 112 20 832 274 998 2 984 627 604 572 963 830 146 340 792 814 251 17 223 269 861 727 832 611 712 688 695 852 139 14 961 294 977 314 694 451 571 9 769 268 669 619 182 78 529 855 599 118 454 223 96 713 600 248 433 968 730 714 254 757 305 259 908 202 46 259 764 350 526 392 758 50 95 270 424 209 161 94 512 131 913 879 177 368 368 514 53 543 531 805 604 388 616 325 784 570 781 449 1000 753 514 573 321 337 842 241 310 709 781 488 227 378 611 635 779 385 508 946 486 437 726 658 9 657 652 335 487 723 308 9 353 516 299 305 72 486 129 940 966 447 478 349 980 916 40 295 339 644 780 10
123844 120495
