Fitness: 101
3507454
5823183
9261382
9544971
7766001
------------------------
counting in vis
158 171 84 186 196 193 136 
164 229 223 224 232 214 176 
184 229 243 237 224 218 193 
178 228 220 206 224 213 160 
147 185 150 165 59 52 134 
------------------------
use count each score
1: 4
(1,4), 
(2,3), 
(3,6), 
(4,6), 

2: 3
(1,2), 
(2,1), 
(2,6), 

3: 4
(0,0), 
(1,3), 
(1,6), 
(2,4), 

4: 4
(0,4), 
(0,6), 
(3,2), 
(3,3), 

5: 4
(0,1), 
(0,5), 
(1,0), 
(3,1), 

6: 3
(2,2), 
(4,2), 
(4,3), 

7: 4
(0,3), 
(3,5), 
(4,0), 
(4,1), 

8: 3
(1,1), 
(1,5), 
(2,5), 

9: 3
(2,0), 
(3,0), 
(3,4), 

10: 2
(3,6), (4,5), 
(4,6), (4,5), 

11: 4
(1,4), (2,3), 
(2,3), (1,4), 
(3,6), (4,6), 
(4,6), (3,6), 

12: 2
(2,3), (1,2), 
(3,6), (2,6), 

13: 2
(1,4), (2,4), 
(2,3), (1,3), 

14: 2
(1,4), (0,4), 
(2,3), (3,3), 

15: 1
(1,4), (0,5), 

16: 1
(2,3), (2,2), 

17: 3
(1,4), (0,3), 
(3,6), (3,5), 
(4,6), (3,5), 

18: 2
(1,4), (1,5), 
(3,6), (2,5), 

19: 1
(2,3), (3,4), 

20: 1
(1,2), (0,2), 

21: 2
(1,2), (2,3), 
(2,6), (3,6), 

22: 2
(1,2), (2,1), 
(2,1), (1,2), 

23: 2
(1,2), (1,3), 
(2,6), (1,6), 

24: 1
(2,1), (3,2), 

25: 2
(1,2), (0,1), 
(2,1), (3,1), 

26: 2
(1,2), (2,2), 
(2,1), (2,2), 

27: 2
(1,2), (0,3), 
(2,6), (3,5), 

28: 3
(1,2), (1,1), 
(2,1), (1,1), 
(2,6), (2,5), 

29: 1
(2,1), (2,0), 

30: 1
(1,3), (0,2), 

31: 2
(1,3), (2,3), 
(2,4), (1,4), 

32: 2
(1,3), (1,2), 
(1,6), (2,6), 

33: 2
(1,3), (2,4), 
(2,4), (1,3), 

34: 3
(1,3), (0,4), 
(1,6), (0,6), 
(2,4), (3,3), 

35: 2
(0,0), (1,0), 
(1,6), (0,5), 

36: 1
(1,3), (2,2), 

37: 2
(1,3), (0,3), 
(2,4), (3,5), 

38: 3
(0,0), (1,1), 
(1,6), (1,5), 
(2,4), (2,5), 

39: 1
(2,4), (3,4), 

40: 1
(3,3), (4,4), 

41: 3
(0,4), (1,4), 
(3,2), (2,3), 
(3,3), (2,3), 

42: 1
(3,2), (2,1), 

43: 3
(0,4), (1,3), 
(0,6), (1,6), 
(3,3), (2,4), 

44: 2
(3,2), (3,3), 
(3,3), (3,2), 

45: 3
(0,4), (0,5), 
(0,6), (0,5), 
(3,2), (3,1), 

46: 2
(3,2), (2,2), 
(3,3), (4,3), 

47: 2
(0,4), (0,3), 
(3,2), (4,1), 

48: 2
(0,4), (1,5), 
(0,6), (1,5), 

49: 1
(3,3), (3,4), 

50: 1
(0,1), (0,2), 

51: 1
(0,5), (1,4), 

52: 3
(0,1), (1,2), 
(1,0), (2,1), 
(3,1), (2,1), 

53: 3
(0,1), (0,0), 
(0,5), (1,6), 
(1,0), (0,0), 

54: 2
(0,5), (0,4), 
(3,1), (3,2), 

55: 2
(0,1), (1,0), 
(1,0), (0,1), 

56: 1
(3,1), (2,2), 

57: 1
(3,1), (4,1), 

58: 3
(0,1), (1,1), 
(0,5), (1,5), 
(1,0), (1,1), 

59: 2
(1,0), (2,0), 
(3,1), (3,0), 

60: 1
(4,3), (4,4), 

61: 1
(2,2), (2,3), 

62: 1
(2,2), (1,2), 

63: 1
(2,2), (1,3), 

64: 3
(2,2), (3,2), 
(4,2), (3,2), 
(4,3), (3,3), 

65: 2
(2,2), (3,1), 
(4,2), (3,1), 

66: 2
(4,2), (4,3), 
(4,3), (4,2), 

67: 1
(4,2), (4,1), 

68: 1
(2,2), (1,1), 

69: 1
(4,3), (3,4), 

70: 2
(0,3), (0,2), 
(3,5), (4,5), 

71: 2
(0,3), (1,4), 
(3,5), (3,6), 

72: 2
(0,3), (1,2), 
(3,5), (2,6), 

73: 2
(0,3), (1,3), 
(3,5), (2,4), 

74: 2
(0,3), (0,4), 
(4,1), (3,2), 

75: 2
(4,0), (3,1), 
(4,1), (3,1), 

76: 1
(4,1), (4,2), 

77: 2
(4,0), (4,1), 
(4,1), (4,0), 

78: 1
(3,5), (2,5), 

79: 3
(3,5), (3,4), 
(4,0), (3,0), 
(4,1), (3,0), 

80: 1
(1,1), (0,2), 

81: 2
(1,5), (1,4), 
(2,5), (1,4), 

82: 3
(1,1), (2,1), 
(1,5), (2,6), 
(2,5), (2,6), 

83: 3
(1,1), (0,0), 
(1,5), (1,6), 
(2,5), (2,4), 

84: 1
(1,5), (0,4), 

85: 2
(1,1), (0,1), 
(1,5), (0,5), 

86: 1
(1,1), (2,2), 

87: 1
(2,5), (3,5), 

88: 2
(1,5), (2,5), 
(2,5), (1,5), 

89: 2
(1,1), (2,0), 
(2,5), (3,4), 

90: 1
(3,4), (4,4), 

91: 1
(3,4), (2,3), 

92: 2
(2,0), (2,1), 
(3,0), (2,1), 

93: 1
(3,4), (2,4), 

94: 1
(3,4), (3,3), 

95: 2
(2,0), (1,0), 
(3,0), (3,1), 

96: 1
(3,4), (4,3), 

97: 2
(3,0), (4,0), 
(3,4), (3,5), 

98: 2
(2,0), (1,1), 
(3,4), (2,5), 

99: 2
(2,0), (3,0), 
(3,0), (2,0), 

100: 2
(3,6), (4,5), (4,4), 
(4,6), (4,5), (4,4), 

101: 2
(3,6), (4,5), (4,6), 
(4,6), (4,5), (4,6), 

102: 0

103: 0

104: 0

105: 0

106: 0

107: 2
(3,6), (4,5), (3,5), 
(4,6), (4,5), (3,5), 

108: 0

109: 2
(3,6), (4,5), (3,4), 
(4,6), (4,5), (3,4), 

110: 2
(3,6), (4,6), (4,5), 
(4,6), (3,6), (4,5), 

111: 4
(1,4), (2,3), (1,4), 
(2,3), (1,4), (2,3), 
(3,6), (4,6), (3,6), 
(4,6), (3,6), (4,6), 

112: 2
(1,4), (2,3), (1,2), 
(4,6), (3,6), (2,6), 

113: 2
(1,4), (2,3), (1,3), 
(2,3), (1,4), (2,4), 

114: 2
(1,4), (2,3), (3,3), 
(2,3), (1,4), (0,4), 

115: 1
(2,3), (1,4), (0,5), 

116: 1
(1,4), (2,3), (2,2), 

117: 3
(2,3), (1,4), (0,3), 
(3,6), (4,6), (3,5), 
(4,6), (3,6), (3,5), 

118: 2
(2,3), (1,4), (1,5), 
(4,6), (3,6), (2,5), 

119: 1
(1,4), (2,3), (3,4), 

120: 1
(2,3), (1,2), (0,2), 

121: 2
(2,3), (1,2), (2,3), 
(3,6), (2,6), (3,6), 

122: 1
(2,3), (1,2), (2,1), 

123: 2
(2,3), (1,2), (1,3), 
(3,6), (2,6), (1,6), 

124: 0

125: 1
(2,3), (1,2), (0,1), 

126: 1
(2,3), (1,2), (2,2), 

127: 2
(2,3), (1,2), (0,3), 
(3,6), (2,6), (3,5), 

128: 2
(2,3), (1,2), (1,1), 
(3,6), (2,6), (2,5), 

129: 0

130: 2
(1,4), (1,3), (0,2), 
(2,3), (1,3), (0,2), 

131: 2
(1,4), (2,4), (1,4), 
(2,3), (1,3), (2,3), 

132: 2
(1,4), (1,3), (1,2), 
(2,3), (1,3), (1,2), 

133: 2
(1,4), (2,4), (1,3), 
(2,3), (1,3), (2,4), 

134: 2
(1,4), (2,4), (3,3), 
(2,3), (1,3), (0,4), 

135: 0

136: 2
(1,4), (1,3), (2,2), 
(2,3), (1,3), (2,2), 

137: 2
(1,4), (2,4), (3,5), 
(2,3), (1,3), (0,3), 

138: 2
(1,4), (2,4), (2,5), 
(2,3), (2,4), (2,5), 

139: 2
(1,4), (2,4), (3,4), 
(2,3), (2,4), (3,4), 

140: 1
(2,3), (3,3), (4,4), 

141: 2
(1,4), (0,4), (1,4), 
(2,3), (3,3), (2,3), 

142: 1
(2,3), (3,2), (2,1), 

143: 2
(1,4), (0,4), (1,3), 
(2,3), (3,3), (2,4), 

144: 1
(2,3), (3,3), (3,2), 

145: 2
(1,4), (0,4), (0,5), 
(2,3), (3,2), (3,1), 

146: 1
(2,3), (3,3), (4,3), 

147: 2
(1,4), (0,4), (0,3), 
(2,3), (3,2), (4,1), 

148: 1
(1,4), (0,4), (1,5), 

149: 1
(2,3), (3,3), (3,4), 

150: 0

151: 1
(1,4), (0,5), (1,4), 

152: 0

153: 1
(1,4), (0,5), (1,6), 

154: 1
(1,4), (0,5), (0,4), 

155: 0

156: 0

157: 0

158: 1
(1,4), (0,5), (1,5), 

159: 0

160: 0

161: 1
(2,3), (2,2), (2,3), 

162: 1
(2,3), (2,2), (1,2), 

163: 1
(2,3), (2,2), (1,3), 

164: 1
(2,3), (2,2), (3,2), 

165: 1
(2,3), (2,2), (3,1), 

166: 0

167: 0

168: 1
(2,3), (2,2), (1,1), 

169: 0

170: 3
(1,4), (0,3), (0,2), 
(3,6), (3,5), (4,5), 
(4,6), (3,5), (4,5), 

171: 3
(1,4), (0,3), (1,4), 
(3,6), (3,5), (3,6), 
(4,6), (3,5), (3,6), 

172: 3
(1,4), (0,3), (1,2), 
(3,6), (3,5), (2,6), 
(4,6), (3,5), (2,6), 

173: 3
(1,4), (0,3), (1,3), 
(3,6), (3,5), (2,4), 
(4,6), (3,5), (2,4), 

174: 1
(1,4), (0,3), (0,4), 

175: 0

176: 0

177: 0

178: 2
(3,6), (3,5), (2,5), 
(4,6), (3,5), (2,5), 

179: 2
(3,6), (3,5), (3,4), 
(4,6), (3,5), (3,4), 

180: 0

181: 2
(1,4), (1,5), (1,4), 
(3,6), (2,5), (1,4), 

182: 2
(1,4), (1,5), (2,6), 
(3,6), (2,5), (2,6), 

183: 2
(1,4), (1,5), (1,6), 
(3,6), (2,5), (2,4), 

184: 1
(1,4), (1,5), (0,4), 

185: 1
(1,4), (1,5), (0,5), 

186: 0

187: 2
(1,4), (2,5), (3,5), 
(3,6), (2,5), (3,5), 

188: 2
(1,4), (1,5), (2,5), 
(3,6), (2,5), (1,5), 

189: 2
(1,4), (2,5), (3,4), 
(3,6), (2,5), (3,4), 

190: 1
(2,3), (3,4), (4,4), 

191: 1
(2,3), (3,4), (2,3), 

192: 0

193: 1
(2,3), (3,4), (2,4), 

194: 1
(2,3), (3,4), (3,3), 

195: 0

196: 1
(2,3), (3,4), (4,3), 

197: 1
(2,3), (3,4), (3,5), 

198: 1
(2,3), (3,4), (2,5), 

199: 0

200: 0

201: 0

202: 1
(1,2), (0,2), (1,2), 

203: 1
(1,2), (0,2), (1,3), 

204: 0

205: 1
(1,2), (0,2), (0,1), 

206: 0

207: 1
(1,2), (0,2), (0,3), 

208: 1
(1,2), (0,2), (1,1), 

209: 0

210: 1
(2,6), (3,6), (4,5), 

211: 2
(1,2), (2,3), (1,4), 
(2,6), (3,6), (4,6), 

212: 2
(1,2), (2,3), (1,2), 
(2,6), (3,6), (2,6), 

213: 1
(1,2), (2,3), (1,3), 

214: 1
(1,2), (2,3), (3,3), 

215: 0

216: 1
(1,2), (2,3), (2,2), 

217: 1
(2,6), (3,6), (3,5), 

218: 1
(2,6), (3,6), (2,5), 

219: 1
(1,2), (2,3), (3,4), 

220: 1
(2,1), (1,2), (0,2), 

221: 1
(2,1), (1,2), (2,3), 

222: 2
(1,2), (2,1), (1,2), 
(2,1), (1,2), (2,1), 

223: 1
(2,1), (1,2), (1,3), 

224: 1
(1,2), (2,1), (3,2), 

225: 2
(1,2), (2,1), (3,1), 
(2,1), (1,2), (0,1), 

226: 2
(1,2), (2,1), (2,2), 
(2,1), (1,2), (2,2), 

227: 1
(2,1), (1,2), (0,3), 

228: 2
(1,2), (2,1), (1,1), 
(2,1), (1,2), (1,1), 

229: 1
(1,2), (2,1), (2,0), 

230: 1
(1,2), (1,3), (0,2), 

231: 1
(1,2), (1,3), (2,3), 

232: 2
(1,2), (1,3), (1,2), 
(2,6), (1,6), (2,6), 

233: 1
(1,2), (1,3), (2,4), 

234: 2
(1,2), (1,3), (0,4), 
(2,6), (1,6), (0,6), 

235: 1
(2,6), (1,6), (0,5), 

236: 1
(1,2), (1,3), (2,2), 

237: 1
(1,2), (1,3), (0,3), 

238: 1
(2,6), (1,6), (1,5), 

239: 0

240: 0

241: 1
(2,1), (3,2), (2,3), 

242: 1
(2,1), (3,2), (2,1), 

243: 0

244: 1
(2,1), (3,2), (3,3), 

245: 1
(2,1), (3,2), (3,1), 

246: 1
(2,1), (3,2), (2,2), 

247: 1
(2,1), (3,2), (4,1), 

248: 0

249: 0

250: 1
(1,2), (0,1), (0,2), 

251: 0

252: 2
(1,2), (0,1), (1,2), 
(2,1), (3,1), (2,1), 

253: 2
(1,2), (0,1), (0,0), 
(2,1), (1,0), (0,0), 

254: 1
(2,1), (3,1), (3,2), 

255: 2
(1,2), (0,1), (1,0), 
(2,1), (1,0), (0,1), 

256: 1
(2,1), (3,1), (2,2), 

257: 1
(2,1), (3,1), (4,1), 

258: 2
(1,2), (0,1), (1,1), 
(2,1), (1,0), (1,1), 

259: 1
(2,1), (3,1), (3,0), 

260: 0

261: 2
(1,2), (2,2), (2,3), 
(2,1), (2,2), (2,3), 

262: 2
(1,2), (2,2), (1,2), 
(2,1), (2,2), (1,2), 

263: 2
(1,2), (2,2), (1,3), 
(2,1), (2,2), (1,3), 

264: 2
(1,2), (2,2), (3,2), 
(2,1), (2,2), (3,2), 

265: 2
(1,2), (2,2), (3,1), 
(2,1), (2,2), (3,1), 

266: 0

267: 0

268: 2
(1,2), (2,2), (1,1), 
(2,1), (2,2), (1,1), 

269: 0

270: 2
(1,2), (0,3), (0,2), 
(2,6), (3,5), (4,5), 

271: 2
(1,2), (0,3), (1,4), 
(2,6), (3,5), (3,6), 

272: 2
(1,2), (0,3), (1,2), 
(2,6), (3,5), (2,6), 

273: 2
(1,2), (0,3), (1,3), 
(2,6), (3,5), (2,4), 

274: 1
(1,2), (0,3), (0,4), 

275: 0

276: 0

277: 0

278: 1
(2,6), (3,5), (2,5), 

279: 1
(2,6), (3,5), (3,4), 

280: 2
(1,2), (1,1), (0,2), 
(2,1), (1,1), (0,2), 

281: 1
(2,6), (2,5), (1,4), 

282: 3
(1,2), (1,1), (2,1), 
(2,1), (1,1), (2,1), 
(2,6), (2,5), (2,6), 

283: 3
(1,2), (1,1), (0,0), 
(2,1), (1,1), (0,0), 
(2,6), (2,5), (2,4), 

284: 1
(2,6), (1,5), (0,4), 

285: 3
(1,2), (1,1), (0,1), 
(2,1), (1,1), (0,1), 
(2,6), (1,5), (0,5), 

286: 2
(1,2), (1,1), (2,2), 
(2,1), (1,1), (2,2), 

287: 1
(2,6), (2,5), (3,5), 

288: 1
(2,6), (2,5), (1,5), 

289: 3
(1,2), (1,1), (2,0), 
(2,1), (1,1), (2,0), 
(2,6), (2,5), (3,4), 

290: 0

291: 0

292: 1
(2,1), (2,0), (2,1), 

293: 0

294: 0

295: 1
(2,1), (2,0), (1,0), 

296: 0

297: 1
(2,1), (3,0), (4,0), 

298: 1
(2,1), (2,0), (1,1), 

299: 1
(2,1), (2,0), (3,0), 

300: 0

301: 0

302: 1
(1,3), (0,2), (1,2), 

303: 1
(1,3), (0,2), (1,3), 

304: 0

305: 1
(1,3), (0,2), (0,1), 

306: 0

307: 1
(1,3), (0,2), (0,3), 

308: 1
(1,3), (0,2), (1,1), 

309: 0

310: 0

311: 2
(1,3), (2,3), (1,4), 
(2,4), (1,4), (2,3), 

312: 2
(1,3), (2,3), (1,2), 
(2,4), (2,3), (1,2), 

313: 2
(1,3), (2,3), (1,3), 
(2,4), (1,4), (2,4), 

314: 2
(1,3), (2,3), (3,3), 
(2,4), (1,4), (0,4), 

315: 2
(1,3), (1,4), (0,5), 
(2,4), (1,4), (0,5), 

316: 2
(1,3), (2,3), (2,2), 
(2,4), (2,3), (2,2), 

317: 2
(1,3), (1,4), (0,3), 
(2,4), (1,4), (0,3), 

318: 2
(1,3), (1,4), (1,5), 
(2,4), (1,4), (1,5), 

319: 2
(1,3), (2,3), (3,4), 
(2,4), (2,3), (3,4), 

320: 1
(1,3), (1,2), (0,2), 

321: 2
(1,3), (1,2), (2,3), 
(1,6), (2,6), (3,6), 

322: 1
(1,3), (1,2), (2,1), 

323: 2
(1,3), (1,2), (1,3), 
(1,6), (2,6), (1,6), 

324: 0

325: 1
(1,3), (1,2), (0,1), 

326: 1
(1,3), (1,2), (2,2), 

327: 2
(1,3), (1,2), (0,3), 
(1,6), (2,6), (3,5), 

328: 2
(1,3), (1,2), (1,1), 
(1,6), (2,6), (2,5), 

329: 0

330: 1
(2,4), (1,3), (0,2), 

331: 2
(1,3), (2,4), (1,4), 
(2,4), (1,3), (2,3), 

332: 1
(2,4), (1,3), (1,2), 

333: 2
(1,3), (2,4), (1,3), 
(2,4), (1,3), (2,4), 

334: 2
(1,3), (2,4), (3,3), 
(2,4), (1,3), (0,4), 

335: 0

336: 1
(2,4), (1,3), (2,2), 

337: 2
(1,3), (2,4), (3,5), 
(2,4), (1,3), (0,3), 

338: 1
(1,3), (2,4), (2,5), 

339: 1
(1,3), (2,4), (3,4), 

340: 1
(2,4), (3,3), (4,4), 

341: 2
(1,3), (0,4), (1,4), 
(2,4), (3,3), (2,3), 

342: 0

343: 3
(1,3), (0,4), (1,3), 
(1,6), (0,6), (1,6), 
(2,4), (3,3), (2,4), 

344: 1
(2,4), (3,3), (3,2), 

345: 2
(1,3), (0,4), (0,5), 
(1,6), (0,6), (0,5), 

346: 1
(2,4), (3,3), (4,3), 

347: 1
(1,3), (0,4), (0,3), 

348: 2
(1,3), (0,4), (1,5), 
(1,6), (0,6), (1,5), 

349: 1
(2,4), (3,3), (3,4), 

350: 1
(0,0), (0,1), (0,2), 

351: 1
(1,6), (0,5), (1,4), 

352: 1
(0,0), (1,0), (2,1), 

353: 2
(0,0), (1,0), (0,0), 
(1,6), (0,5), (1,6), 

354: 1
(1,6), (0,5), (0,4), 

355: 1
(0,0), (1,0), (0,1), 

356: 0

357: 0

358: 2
(0,0), (1,0), (1,1), 
(1,6), (0,5), (1,5), 

359: 1
(0,0), (1,0), (2,0), 

360: 0

361: 1
(1,3), (2,2), (2,3), 

362: 1
(1,3), (2,2), (1,2), 

363: 1
(1,3), (2,2), (1,3), 

364: 1
(1,3), (2,2), (3,2), 

365: 1
(1,3), (2,2), (3,1), 

366: 0

367: 0

368: 1
(1,3), (2,2), (1,1), 

369: 0

370: 2
(1,3), (0,3), (0,2), 
(2,4), (3,5), (4,5), 

371: 2
(1,3), (0,3), (1,4), 
(2,4), (3,5), (3,6), 

372: 2
(1,3), (0,3), (1,2), 
(2,4), (3,5), (2,6), 

373: 2
(1,3), (0,3), (1,3), 
(2,4), (3,5), (2,4), 

374: 1
(1,3), (0,3), (0,4), 

375: 0

376: 0

377: 0

378: 1
(2,4), (3,5), (2,5), 

379: 1
(2,4), (3,5), (3,4), 

380: 1
(0,0), (1,1), (0,2), 

381: 2
(1,6), (1,5), (1,4), 
(2,4), (2,5), (1,4), 

382: 3
(0,0), (1,1), (2,1), 
(1,6), (1,5), (2,6), 
(2,4), (2,5), (2,6), 

383: 3
(0,0), (1,1), (0,0), 
(1,6), (1,5), (1,6), 
(2,4), (2,5), (2,4), 

384: 2
(1,6), (1,5), (0,4), 
(2,4), (1,5), (0,4), 

385: 3
(0,0), (1,1), (0,1), 
(1,6), (1,5), (0,5), 
(2,4), (1,5), (0,5), 

386: 1
(0,0), (1,1), (2,2), 

387: 2
(1,6), (2,5), (3,5), 
(2,4), (2,5), (3,5), 

388: 2
(1,6), (1,5), (2,5), 
(2,4), (2,5), (1,5), 

389: 3
(0,0), (1,1), (2,0), 
(1,6), (2,5), (3,4), 
(2,4), (2,5), (3,4), 

390: 1
(2,4), (3,4), (4,4), 

391: 1
(2,4), (3,4), (2,3), 

392: 0

393: 1
(2,4), (3,4), (2,4), 

394: 1
(2,4), (3,4), (3,3), 

395: 0

396: 1
(2,4), (3,4), (4,3), 

397: 1
(2,4), (3,4), (3,5), 

398: 1
(2,4), (3,4), (2,5), 

399: 0

400: 1
(3,3), (4,4), (4,5), 

401: 0

402: 0

403: 0

404: 1
(3,3), (4,4), (3,3), 

405: 0

406: 1
(3,3), (4,4), (4,3), 

407: 1
(3,3), (4,4), (3,5), 

408: 0

409: 1
(3,3), (4,4), (3,4), 

410: 0

411: 3
(0,4), (1,4), (2,3), 
(3,2), (2,3), (1,4), 
(3,3), (2,3), (1,4), 

412: 2
(3,2), (2,3), (1,2), 
(3,3), (2,3), (1,2), 

413: 3
(0,4), (1,4), (2,4), 
(3,2), (2,3), (1,3), 
(3,3), (2,3), (1,3), 

414: 3
(0,4), (1,4), (0,4), 
(3,2), (2,3), (3,3), 
(3,3), (2,3), (3,3), 

415: 1
(0,4), (1,4), (0,5), 

416: 2
(3,2), (2,3), (2,2), 
(3,3), (2,3), (2,2), 

417: 1
(0,4), (1,4), (0,3), 

418: 1
(0,4), (1,4), (1,5), 

419: 2
(3,2), (2,3), (3,4), 
(3,3), (2,3), (3,4), 

420: 0

421: 0

422: 1
(3,2), (2,1), (1,2), 

423: 0

424: 1
(3,2), (2,1), (3,2), 

425: 1
(3,2), (2,1), (3,1), 

426: 1
(3,2), (2,1), (2,2), 

427: 0

428: 1
(3,2), (2,1), (1,1), 

429: 1
(3,2), (2,1), (2,0), 

430: 1
(0,4), (1,3), (0,2), 

431: 2
(0,4), (1,3), (2,3), 
(3,3), (2,4), (1,4), 

432: 2
(0,4), (1,3), (1,2), 
(0,6), (1,6), (2,6), 

433: 2
(0,4), (1,3), (2,4), 
(3,3), (2,4), (1,3), 

434: 3
(0,4), (1,3), (0,4), 
(0,6), (1,6), (0,6), 
(3,3), (2,4), (3,3), 

435: 1
(0,6), (1,6), (0,5), 

436: 1
(0,4), (1,3), (2,2), 

437: 2
(0,4), (1,3), (0,3), 
(3,3), (2,4), (3,5), 

438: 2
(0,6), (1,6), (1,5), 
(3,3), (2,4), (2,5), 

439: 1
(3,3), (2,4), (3,4), 

440: 1
(3,2), (3,3), (4,4), 

441: 2
(3,2), (3,3), (2,3), 
(3,3), (3,2), (2,3), 

442: 1
(3,3), (3,2), (2,1), 

443: 1
(3,2), (3,3), (2,4), 

444: 2
(3,2), (3,3), (3,2), 
(3,3), (3,2), (3,3), 

445: 1
(3,3), (3,2), (3,1), 

446: 2
(3,2), (3,3), (4,3), 
(3,3), (3,2), (2,2), 

447: 1
(3,3), (3,2), (4,1), 

448: 0

449: 1
(3,2), (3,3), (3,4), 

450: 0

451: 2
(0,4), (0,5), (1,4), 
(0,6), (0,5), (1,4), 

452: 1
(3,2), (3,1), (2,1), 

453: 2
(0,4), (0,5), (1,6), 
(0,6), (0,5), (1,6), 

454: 3
(0,4), (0,5), (0,4), 
(0,6), (0,5), (0,4), 
(3,2), (3,1), (3,2), 

455: 0

456: 1
(3,2), (3,1), (2,2), 

457: 1
(3,2), (3,1), (4,1), 

458: 2
(0,4), (0,5), (1,5), 
(0,6), (0,5), (1,5), 

459: 1
(3,2), (3,1), (3,0), 

460: 2
(3,2), (4,3), (4,4), 
(3,3), (4,3), (4,4), 

461: 2
(3,2), (2,2), (2,3), 
(3,3), (2,2), (2,3), 

462: 2
(3,2), (2,2), (1,2), 
(3,3), (2,2), (1,2), 

463: 2
(3,2), (2,2), (1,3), 
(3,3), (2,2), (1,3), 

464: 2
(3,2), (2,2), (3,2), 
(3,3), (4,3), (3,3), 

465: 2
(3,2), (2,2), (3,1), 
(3,3), (2,2), (3,1), 

466: 2
(3,2), (4,2), (4,3), 
(3,3), (4,3), (4,2), 

467: 2
(3,2), (4,2), (4,1), 
(3,3), (4,2), (4,1), 

468: 2
(3,2), (2,2), (1,1), 
(3,3), (2,2), (1,1), 

469: 2
(3,2), (4,3), (3,4), 
(3,3), (4,3), (3,4), 

470: 1
(0,4), (0,3), (0,2), 

471: 1
(0,4), (0,3), (1,4), 

472: 1
(0,4), (0,3), (1,2), 

473: 1
(0,4), (0,3), (1,3), 

474: 2
(0,4), (0,3), (0,4), 
(3,2), (4,1), (3,2), 

475: 1
(3,2), (4,1), (3,1), 

476: 1
(3,2), (4,1), (4,2), 

477: 1
(3,2), (4,1), (4,0), 

478: 0

479: 1
(3,2), (4,1), (3,0), 

480: 0

481: 2
(0,4), (1,5), (1,4), 
(0,6), (1,5), (1,4), 

482: 2
(0,4), (1,5), (2,6), 
(0,6), (1,5), (2,6), 

483: 2
(0,4), (1,5), (1,6), 
(0,6), (1,5), (1,6), 

484: 2
(0,4), (1,5), (0,4), 
(0,6), (1,5), (0,4), 

485: 2
(0,4), (1,5), (0,5), 
(0,6), (1,5), (0,5), 

486: 0

487: 0

488: 2
(0,4), (1,5), (2,5), 
(0,6), (1,5), (2,5), 

489: 0

490: 1
(3,3), (3,4), (4,4), 

491: 1
(3,3), (3,4), (2,3), 

492: 0

493: 1
(3,3), (3,4), (2,4), 

494: 1
(3,3), (3,4), (3,3), 

495: 0

496: 1
(3,3), (3,4), (4,3), 

497: 1
(3,3), (3,4), (3,5), 

498: 1
(3,3), (3,4), (2,5), 

499: 0

500: 0

501: 0

502: 1
(0,1), (0,2), (1,2), 

503: 1
(0,1), (0,2), (1,3), 

504: 0

505: 1
(0,1), (0,2), (0,1), 

506: 0

507: 1
(0,1), (0,2), (0,3), 

508: 1
(0,1), (0,2), (1,1), 

509: 0

510: 0

511: 1
(0,5), (1,4), (2,3), 

512: 0

513: 1
(0,5), (1,4), (2,4), 

514: 1
(0,5), (1,4), (0,4), 

515: 1
(0,5), (1,4), (0,5), 

516: 0

517: 1
(0,5), (1,4), (0,3), 

518: 1
(0,5), (1,4), (1,5), 

519: 0

520: 1
(0,1), (1,2), (0,2), 

521: 1
(0,1), (1,2), (2,3), 

522: 3
(0,1), (1,2), (2,1), 
(1,0), (2,1), (1,2), 
(3,1), (2,1), (1,2), 

523: 1
(0,1), (1,2), (1,3), 

524: 2
(1,0), (2,1), (3,2), 
(3,1), (2,1), (3,2), 

525: 3
(0,1), (1,2), (0,1), 
(1,0), (2,1), (3,1), 
(3,1), (2,1), (3,1), 

526: 3
(0,1), (1,2), (2,2), 
(1,0), (2,1), (2,2), 
(3,1), (2,1), (2,2), 

527: 1
(0,1), (1,2), (0,3), 

528: 3
(0,1), (1,2), (1,1), 
(1,0), (2,1), (1,1), 
(3,1), (2,1), (1,1), 

529: 2
(1,0), (2,1), (2,0), 
(3,1), (2,1), (2,0), 

530: 0

531: 0

532: 1
(0,5), (1,6), (2,6), 

533: 0

534: 1
(0,5), (1,6), (0,6), 

535: 3
(0,1), (0,0), (1,0), 
(0,5), (1,6), (0,5), 
(1,0), (0,0), (1,0), 

536: 0

537: 0

538: 3
(0,1), (0,0), (1,1), 
(0,5), (1,6), (1,5), 
(1,0), (0,0), (1,1), 

539: 0

540: 0

541: 2
(0,5), (0,4), (1,4), 
(3,1), (3,2), (2,3), 

542: 1
(3,1), (3,2), (2,1), 

543: 1
(0,5), (0,4), (1,3), 

544: 1
(3,1), (3,2), (3,3), 

545: 2
(0,5), (0,4), (0,5), 
(3,1), (3,2), (3,1), 

546: 1
(3,1), (3,2), (2,2), 

547: 2
(0,5), (0,4), (0,3), 
(3,1), (3,2), (4,1), 

548: 1
(0,5), (0,4), (1,5), 

549: 0

550: 1
(1,0), (0,1), (0,2), 

551: 0

552: 2
(0,1), (1,0), (2,1), 
(1,0), (0,1), (1,2), 

553: 2
(0,1), (1,0), (0,0), 
(1,0), (0,1), (0,0), 

554: 0

555: 2
(0,1), (1,0), (0,1), 
(1,0), (0,1), (1,0), 

556: 0

557: 0

558: 2
(0,1), (1,0), (1,1), 
(1,0), (0,1), (1,1), 

559: 1
(0,1), (1,0), (2,0), 

560: 0

561: 1
(3,1), (2,2), (2,3), 

562: 1
(3,1), (2,2), (1,2), 

563: 1
(3,1), (2,2), (1,3), 

564: 1
(3,1), (2,2), (3,2), 

565: 1
(3,1), (2,2), (3,1), 

566: 1
(3,1), (4,2), (4,3), 

567: 1
(3,1), (4,2), (4,1), 

568: 1
(3,1), (2,2), (1,1), 

569: 0

570: 0

571: 0

572: 0

573: 0

574: 1
(3,1), (4,1), (3,2), 

575: 1
(3,1), (4,1), (3,1), 

576: 1
(3,1), (4,1), (4,2), 

577: 1
(3,1), (4,1), (4,0), 

578: 0

579: 1
(3,1), (4,1), (3,0), 

580: 2
(0,1), (1,1), (0,2), 
(1,0), (1,1), (0,2), 

581: 1
(0,5), (1,5), (1,4), 

582: 3
(0,1), (1,1), (2,1), 
(0,5), (1,5), (2,6), 
(1,0), (1,1), (2,1), 

583: 3
(0,1), (1,1), (0,0), 
(0,5), (1,5), (1,6), 
(1,0), (1,1), (0,0), 

584: 1
(0,5), (1,5), (0,4), 

585: 3
(0,1), (1,1), (0,1), 
(0,5), (1,5), (0,5), 
(1,0), (1,1), (0,1), 

586: 2
(0,1), (1,1), (2,2), 
(1,0), (1,1), (2,2), 

587: 0

588: 1
(0,5), (1,5), (2,5), 

589: 2
(0,1), (1,1), (2,0), 
(1,0), (1,1), (2,0), 

590: 0

591: 0

592: 2
(1,0), (2,0), (2,1), 
(3,1), (3,0), (2,1), 

593: 0

594: 0

595: 2
(1,0), (2,0), (1,0), 
(3,1), (3,0), (3,1), 

596: 0

597: 1
(3,1), (3,0), (4,0), 

598: 2
(1,0), (2,0), (1,1), 
(3,1), (2,0), (1,1), 

599: 2
(1,0), (2,0), (3,0), 
(3,1), (3,0), (2,0), 

600: 1
(4,3), (4,4), (4,5), 

601: 0

602: 0

603: 0

604: 1
(4,3), (4,4), (3,3), 

605: 0

606: 1
(4,3), (4,4), (4,3), 

607: 1
(4,3), (4,4), (3,5), 

608: 0

609: 1
(4,3), (4,4), (3,4), 

610: 0

611: 1
(2,2), (2,3), (1,4), 

612: 1
(2,2), (2,3), (1,2), 

613: 1
(2,2), (2,3), (1,3), 

614: 1
(2,2), (2,3), (3,3), 

615: 0

616: 1
(2,2), (2,3), (2,2), 

617: 0

618: 0

619: 1
(2,2), (2,3), (3,4), 

620: 1
(2,2), (1,2), (0,2), 

621: 1
(2,2), (1,2), (2,3), 

622: 1
(2,2), (1,2), (2,1), 

623: 1
(2,2), (1,2), (1,3), 

624: 1
(2,2), (2,1), (3,2), 

625: 1
(2,2), (1,2), (0,1), 

626: 1
(2,2), (1,2), (2,2), 

627: 1
(2,2), (1,2), (0,3), 

628: 1
(2,2), (1,2), (1,1), 

629: 1
(2,2), (2,1), (2,0), 

630: 1
(2,2), (1,3), (0,2), 

631: 1
(2,2), (1,3), (2,3), 

632: 1
(2,2), (1,3), (1,2), 

633: 1
(2,2), (1,3), (2,4), 

634: 1
(2,2), (1,3), (0,4), 

635: 0

636: 1
(2,2), (1,3), (2,2), 

637: 1
(2,2), (1,3), (0,3), 

638: 0

639: 0

640: 3
(2,2), (3,3), (4,4), 
(4,2), (3,3), (4,4), 
(4,3), (3,3), (4,4), 

641: 3
(2,2), (3,2), (2,3), 
(4,2), (3,2), (2,3), 
(4,3), (3,3), (2,3), 

642: 3
(2,2), (3,2), (2,1), 
(4,2), (3,2), (2,1), 
(4,3), (3,2), (2,1), 

643: 3
(2,2), (3,3), (2,4), 
(4,2), (3,3), (2,4), 
(4,3), (3,3), (2,4), 

644: 3
(2,2), (3,2), (3,3), 
(4,2), (3,2), (3,3), 
(4,3), (3,3), (3,2), 

645: 3
(2,2), (3,2), (3,1), 
(4,2), (3,2), (3,1), 
(4,3), (3,2), (3,1), 

646: 3
(2,2), (3,2), (2,2), 
(4,2), (3,2), (2,2), 
(4,3), (3,3), (4,3), 

647: 3
(2,2), (3,2), (4,1), 
(4,2), (3,2), (4,1), 
(4,3), (3,2), (4,1), 

648: 0

649: 3
(2,2), (3,3), (3,4), 
(4,2), (3,3), (3,4), 
(4,3), (3,3), (3,4), 

650: 0

651: 0

652: 2
(2,2), (3,1), (2,1), 
(4,2), (3,1), (2,1), 

653: 0

654: 2
(2,2), (3,1), (3,2), 
(4,2), (3,1), (3,2), 

655: 0

656: 2
(2,2), (3,1), (2,2), 
(4,2), (3,1), (2,2), 

657: 2
(2,2), (3,1), (4,1), 
(4,2), (3,1), (4,1), 

658: 0

659: 2
(2,2), (3,1), (3,0), 
(4,2), (3,1), (3,0), 

660: 1
(4,2), (4,3), (4,4), 

661: 0

662: 0

663: 0

664: 2
(4,2), (4,3), (3,3), 
(4,3), (4,2), (3,2), 

665: 1
(4,3), (4,2), (3,1), 

666: 2
(4,2), (4,3), (4,2), 
(4,3), (4,2), (4,3), 

667: 1
(4,3), (4,2), (4,1), 

668: 0

669: 1
(4,2), (4,3), (3,4), 

670: 0

671: 0

672: 0

673: 0

674: 1
(4,2), (4,1), (3,2), 

675: 1
(4,2), (4,1), (3,1), 

676: 1
(4,2), (4,1), (4,2), 

677: 1
(4,2), (4,1), (4,0), 

678: 0

679: 1
(4,2), (4,1), (3,0), 

680: 1
(2,2), (1,1), (0,2), 

681: 0

682: 1
(2,2), (1,1), (2,1), 

683: 1
(2,2), (1,1), (0,0), 

684: 0

685: 1
(2,2), (1,1), (0,1), 

686: 1
(2,2), (1,1), (2,2), 

687: 0

688: 0

689: 1
(2,2), (1,1), (2,0), 

690: 1
(4,3), (3,4), (4,4), 

691: 1
(4,3), (3,4), (2,3), 

692: 0

693: 1
(4,3), (3,4), (2,4), 

694: 1
(4,3), (3,4), (3,3), 

695: 0

696: 1
(4,3), (3,4), (4,3), 

697: 1
(4,3), (3,4), (3,5), 

698: 1
(4,3), (3,4), (2,5), 

699: 0

700: 1
(3,5), (4,5), (4,4), 

701: 1
(3,5), (4,5), (4,6), 

702: 1
(0,3), (0,2), (1,2), 

703: 1
(0,3), (0,2), (1,3), 

704: 1
(3,5), (4,4), (3,3), 

705: 1
(0,3), (0,2), (0,1), 

706: 1
(3,5), (4,4), (4,3), 

707: 2
(0,3), (0,2), (0,3), 
(3,5), (4,5), (3,5), 

708: 1
(0,3), (0,2), (1,1), 

709: 1
(3,5), (4,5), (3,4), 

710: 1
(3,5), (3,6), (4,5), 

711: 2
(0,3), (1,4), (2,3), 
(3,5), (3,6), (4,6), 

712: 1
(3,5), (3,6), (2,6), 

713: 1
(0,3), (1,4), (2,4), 

714: 1
(0,3), (1,4), (0,4), 

715: 1
(0,3), (1,4), (0,5), 

716: 0

717: 2
(0,3), (1,4), (0,3), 
(3,5), (3,6), (3,5), 

718: 2
(0,3), (1,4), (1,5), 
(3,5), (3,6), (2,5), 

719: 0

720: 1
(0,3), (1,2), (0,2), 

721: 2
(0,3), (1,2), (2,3), 
(3,5), (2,6), (3,6), 

722: 1
(0,3), (1,2), (2,1), 

723: 2
(0,3), (1,2), (1,3), 
(3,5), (2,6), (1,6), 

724: 0

725: 1
(0,3), (1,2), (0,1), 

726: 1
(0,3), (1,2), (2,2), 

727: 2
(0,3), (1,2), (0,3), 
(3,5), (2,6), (3,5), 

728: 2
(0,3), (1,2), (1,1), 
(3,5), (2,6), (2,5), 

729: 0

730: 1
(0,3), (1,3), (0,2), 

731: 2
(0,3), (1,3), (2,3), 
(3,5), (2,4), (1,4), 

732: 1
(0,3), (1,3), (1,2), 

733: 2
(0,3), (1,3), (2,4), 
(3,5), (2,4), (1,3), 

734: 2
(0,3), (1,3), (0,4), 
(3,5), (2,4), (3,3), 

735: 0

736: 1
(0,3), (1,3), (2,2), 

737: 2
(0,3), (1,3), (0,3), 
(3,5), (2,4), (3,5), 

738: 1
(3,5), (2,4), (2,5), 

739: 1
(3,5), (2,4), (3,4), 

740: 0

741: 2
(0,3), (0,4), (1,4), 
(4,1), (3,2), (2,3), 

742: 1
(4,1), (3,2), (2,1), 

743: 1
(0,3), (0,4), (1,3), 

744: 1
(4,1), (3,2), (3,3), 

745: 2
(0,3), (0,4), (0,5), 
(4,1), (3,2), (3,1), 

746: 1
(4,1), (3,2), (2,2), 

747: 2
(0,3), (0,4), (0,3), 
(4,1), (3,2), (4,1), 

748: 1
(0,3), (0,4), (1,5), 

749: 0

750: 0

751: 0

752: 2
(4,0), (3,1), (2,1), 
(4,1), (3,1), (2,1), 

753: 0

754: 2
(4,0), (3,1), (3,2), 
(4,1), (3,1), (3,2), 

755: 0

756: 2
(4,0), (3,1), (2,2), 
(4,1), (3,1), (2,2), 

757: 2
(4,0), (3,1), (4,1), 
(4,1), (3,1), (4,1), 

758: 0

759: 2
(4,0), (3,1), (3,0), 
(4,1), (3,1), (3,0), 

760: 0

761: 0

762: 0

763: 0

764: 1
(4,1), (4,2), (3,2), 

765: 1
(4,1), (4,2), (3,1), 

766: 1
(4,1), (4,2), (4,3), 

767: 1
(4,1), (4,2), (4,1), 

768: 0

769: 0

770: 0

771: 0

772: 0

773: 0

774: 1
(4,0), (4,1), (3,2), 

775: 2
(4,0), (4,1), (3,1), 
(4,1), (4,0), (3,1), 

776: 1
(4,0), (4,1), (4,2), 

777: 2
(4,0), (4,1), (4,0), 
(4,1), (4,0), (4,1), 

778: 0

779: 2
(4,0), (4,1), (3,0), 
(4,1), (4,0), (3,0), 

780: 0

781: 1
(3,5), (2,5), (1,4), 

782: 1
(3,5), (2,5), (2,6), 

783: 1
(3,5), (2,5), (2,4), 

784: 0

785: 0

786: 0

787: 1
(3,5), (2,5), (3,5), 

788: 1
(3,5), (2,5), (1,5), 

789: 1
(3,5), (2,5), (3,4), 

790: 1
(3,5), (3,4), (4,4), 

791: 1
(3,5), (3,4), (2,3), 

792: 2
(4,0), (3,0), (2,1), 
(4,1), (3,0), (2,1), 

793: 1
(3,5), (3,4), (2,4), 

794: 1
(3,5), (3,4), (3,3), 

795: 2
(4,0), (3,0), (3,1), 
(4,1), (3,0), (3,1), 

796: 1
(3,5), (3,4), (4,3), 

797: 3
(3,5), (3,4), (3,5), 
(4,0), (3,0), (4,0), 
(4,1), (3,0), (4,0), 

798: 1
(3,5), (3,4), (2,5), 

799: 2
(4,0), (3,0), (2,0), 
(4,1), (3,0), (2,0), 

800: 0

801: 0

802: 1
(1,1), (0,2), (1,2), 

803: 1
(1,1), (0,2), (1,3), 

804: 0

805: 1
(1,1), (0,2), (0,1), 

806: 0

807: 1
(1,1), (0,2), (0,3), 

808: 1
(1,1), (0,2), (1,1), 

809: 0

810: 1
(2,5), (3,6), (4,5), 

811: 2
(1,5), (1,4), (2,3), 
(2,5), (1,4), (2,3), 

812: 1
(2,5), (3,6), (2,6), 

813: 2
(1,5), (1,4), (2,4), 
(2,5), (1,4), (2,4), 

814: 2
(1,5), (1,4), (0,4), 
(2,5), (1,4), (0,4), 

815: 2
(1,5), (1,4), (0,5), 
(2,5), (1,4), (0,5), 

816: 0

817: 2
(1,5), (1,4), (0,3), 
(2,5), (1,4), (0,3), 

818: 2
(1,5), (1,4), (1,5), 
(2,5), (1,4), (1,5), 

819: 0

820: 1
(1,1), (1,2), (0,2), 

821: 3
(1,1), (1,2), (2,3), 
(1,5), (2,6), (3,6), 
(2,5), (2,6), (3,6), 

822: 1
(1,1), (2,1), (1,2), 

823: 3
(1,1), (1,2), (1,3), 
(1,5), (2,6), (1,6), 
(2,5), (2,6), (1,6), 

824: 1
(1,1), (2,1), (3,2), 

825: 1
(1,1), (2,1), (3,1), 

826: 1
(1,1), (2,1), (2,2), 

827: 3
(1,1), (1,2), (0,3), 
(1,5), (2,6), (3,5), 
(2,5), (2,6), (3,5), 

828: 3
(1,1), (2,1), (1,1), 
(1,5), (2,6), (2,5), 
(2,5), (2,6), (2,5), 

829: 1
(1,1), (2,1), (2,0), 

830: 0

831: 2
(1,5), (2,4), (1,4), 
(2,5), (2,4), (1,4), 

832: 2
(1,5), (1,6), (2,6), 
(2,5), (1,6), (2,6), 

833: 2
(1,5), (2,4), (1,3), 
(2,5), (2,4), (1,3), 

834: 2
(1,5), (1,6), (0,6), 
(2,5), (2,4), (3,3), 

835: 3
(1,1), (0,0), (1,0), 
(1,5), (1,6), (0,5), 
(2,5), (1,6), (0,5), 

836: 0

837: 2
(1,5), (2,4), (3,5), 
(2,5), (2,4), (3,5), 

838: 3
(1,1), (0,0), (1,1), 
(1,5), (1,6), (1,5), 
(2,5), (2,4), (2,5), 

839: 2
(1,5), (2,4), (3,4), 
(2,5), (2,4), (3,4), 

840: 0

841: 1
(1,5), (0,4), (1,4), 

842: 0

843: 1
(1,5), (0,4), (1,3), 

844: 0

845: 1
(1,5), (0,4), (0,5), 

846: 0

847: 1
(1,5), (0,4), (0,3), 

848: 1
(1,5), (0,4), (1,5), 

849: 0

850: 1
(1,1), (0,1), (0,2), 

851: 1
(1,5), (0,5), (1,4), 

852: 1
(1,1), (0,1), (1,2), 

853: 2
(1,1), (0,1), (0,0), 
(1,5), (0,5), (1,6), 

854: 1
(1,5), (0,5), (0,4), 

855: 1
(1,1), (0,1), (1,0), 

856: 0

857: 0

858: 2
(1,1), (0,1), (1,1), 
(1,5), (0,5), (1,5), 

859: 1
(1,1), (1,0), (2,0), 

860: 0

861: 1
(1,1), (2,2), (2,3), 

862: 1
(1,1), (2,2), (1,2), 

863: 1
(1,1), (2,2), (1,3), 

864: 1
(1,1), (2,2), (3,2), 

865: 1
(1,1), (2,2), (3,1), 

866: 0

867: 0

868: 1
(1,1), (2,2), (1,1), 

869: 0

870: 1
(2,5), (3,5), (4,5), 

871: 1
(2,5), (3,5), (3,6), 

872: 1
(2,5), (3,5), (2,6), 

873: 1
(2,5), (3,5), (2,4), 

874: 0

875: 0

876: 0

877: 0

878: 1
(2,5), (3,5), (2,5), 

879: 1
(2,5), (3,5), (3,4), 

880: 0

881: 2
(1,5), (2,5), (1,4), 
(2,5), (1,5), (1,4), 

882: 2
(1,5), (2,5), (2,6), 
(2,5), (1,5), (2,6), 

883: 2
(1,5), (2,5), (2,4), 
(2,5), (1,5), (1,6), 

884: 1
(2,5), (1,5), (0,4), 

885: 1
(2,5), (1,5), (0,5), 

886: 0

887: 1
(1,5), (2,5), (3,5), 

888: 2
(1,5), (2,5), (1,5), 
(2,5), (1,5), (2,5), 

889: 1
(1,5), (2,5), (3,4), 

890: 1
(2,5), (3,4), (4,4), 

891: 1
(2,5), (3,4), (2,3), 

892: 1
(1,1), (2,0), (2,1), 

893: 1
(2,5), (3,4), (2,4), 

894: 1
(2,5), (3,4), (3,3), 

895: 1
(1,1), (2,0), (1,0), 

896: 1
(2,5), (3,4), (4,3), 

897: 1
(2,5), (3,4), (3,5), 

898: 2
(1,1), (2,0), (1,1), 
(2,5), (3,4), (2,5), 

899: 1
(1,1), (2,0), (3,0), 

900: 1
(3,4), (4,4), (4,5), 

901: 1
(3,4), (4,5), (4,6), 

902: 0

903: 0

904: 1
(3,4), (4,4), (3,3), 

905: 0

906: 1
(3,4), (4,4), (4,3), 

907: 1
(3,4), (4,4), (3,5), 

908: 0

909: 1
(3,4), (4,4), (3,4), 

910: 0

911: 1
(3,4), (2,3), (1,4), 

912: 1
(3,4), (2,3), (1,2), 

913: 1
(3,4), (2,3), (1,3), 

914: 1
(3,4), (2,3), (3,3), 

915: 0

916: 1
(3,4), (2,3), (2,2), 

917: 0

918: 0

919: 1
(3,4), (2,3), (3,4), 

920: 0

921: 0

922: 2
(2,0), (2,1), (1,2), 
(3,0), (2,1), (1,2), 

923: 0

924: 2
(2,0), (2,1), (3,2), 
(3,0), (2,1), (3,2), 

925: 2
(2,0), (2,1), (3,1), 
(3,0), (2,1), (3,1), 

926: 2
(2,0), (2,1), (2,2), 
(3,0), (2,1), (2,2), 

927: 0

928: 2
(2,0), (2,1), (1,1), 
(3,0), (2,1), (1,1), 

929: 2
(2,0), (2,1), (2,0), 
(3,0), (2,1), (2,0), 

930: 0

931: 1
(3,4), (2,4), (1,4), 

932: 0

933: 1
(3,4), (2,4), (1,3), 

934: 1
(3,4), (2,4), (3,3), 

935: 0

936: 0

937: 1
(3,4), (2,4), (3,5), 

938: 1
(3,4), (2,4), (2,5), 

939: 1
(3,4), (2,4), (3,4), 

940: 1
(3,4), (3,3), (4,4), 

941: 1
(3,4), (3,3), (2,3), 

942: 0

943: 1
(3,4), (3,3), (2,4), 

944: 1
(3,4), (3,3), (3,2), 

945: 0

946: 1
(3,4), (3,3), (4,3), 

947: 0

948: 0

949: 1
(3,4), (3,3), (3,4), 

950: 0

951: 0

952: 2
(2,0), (1,0), (2,1), 
(3,0), (3,1), (2,1), 

953: 1
(2,0), (1,0), (0,0), 

954: 2
(2,0), (3,1), (3,2), 
(3,0), (3,1), (3,2), 

955: 1
(2,0), (1,0), (0,1), 

956: 2
(2,0), (3,1), (2,2), 
(3,0), (3,1), (2,2), 

957: 2
(2,0), (3,1), (4,1), 
(3,0), (3,1), (4,1), 

958: 1
(2,0), (1,0), (1,1), 

959: 2
(2,0), (1,0), (2,0), 
(3,0), (3,1), (3,0), 

960: 1
(3,4), (4,3), (4,4), 

961: 0

962: 0

963: 0

964: 1
(3,4), (4,3), (3,3), 

965: 0

966: 1
(3,4), (4,3), (4,2), 

967: 0

968: 0

969: 1
(3,4), (4,3), (3,4), 

970: 1
(3,4), (3,5), (4,5), 

971: 1
(3,4), (3,5), (3,6), 

972: 1
(3,4), (3,5), (2,6), 

973: 1
(3,4), (3,5), (2,4), 

974: 1
(3,0), (4,1), (3,2), 

975: 1
(3,0), (4,0), (3,1), 

976: 1
(3,0), (4,1), (4,2), 

977: 1
(3,0), (4,0), (4,1), 

978: 1
(3,4), (3,5), (2,5), 

979: 2
(3,0), (4,0), (3,0), 
(3,4), (3,5), (3,4), 

980: 1
(2,0), (1,1), (0,2), 

981: 1
(3,4), (2,5), (1,4), 

982: 2
(2,0), (1,1), (2,1), 
(3,4), (2,5), (2,6), 

983: 2
(2,0), (1,1), (0,0), 
(3,4), (2,5), (2,4), 

984: 0

985: 1
(2,0), (1,1), (0,1), 

986: 1
(2,0), (1,1), (2,2), 

987: 1
(3,4), (2,5), (3,5), 

988: 1
(3,4), (2,5), (1,5), 

989: 2
(2,0), (1,1), (2,0), 
(3,4), (2,5), (3,4), 

990: 0

991: 0

992: 2
(2,0), (3,0), (2,1), 
(3,0), (2,0), (2,1), 

993: 0

994: 0

995: 2
(2,0), (3,0), (3,1), 
(3,0), (2,0), (1,0), 

996: 0

997: 1
(2,0), (3,0), (4,0), 

998: 1
(3,0), (2,0), (1,1), 

999: 2
(2,0), (3,0), (2,0), 
(3,0), (2,0), (3,0), 

------------------------
use count=0, each score
102: 0
103: 0
104: 0
105: 0
106: 0
108: 0
124: 0
129: 0
135: 0
150: 0
152: 0
155: 0
156: 0
157: 0
159: 0
160: 0
166: 0
167: 0
169: 0
175: 0
176: 0
177: 0
180: 0
186: 0
192: 0
195: 0
199: 0
200: 0
201: 0
204: 0
206: 0
209: 0
215: 0
239: 0
240: 0
243: 0
248: 0
249: 0
251: 0
260: 0
266: 0
267: 0
269: 0
275: 0
276: 0
277: 0
290: 0
291: 0
293: 0
294: 0
296: 0
300: 0
301: 0
304: 0
306: 0
309: 0
310: 0
324: 0
329: 0
335: 0
342: 0
356: 0
357: 0
360: 0
366: 0
367: 0
369: 0
375: 0
376: 0
377: 0
392: 0
395: 0
399: 0
401: 0
402: 0
403: 0
405: 0
408: 0
410: 0
420: 0
421: 0
423: 0
427: 0
448: 0
450: 0
455: 0
478: 0
480: 0
486: 0
487: 0
489: 0
492: 0
495: 0
499: 0
500: 0
501: 0
504: 0
506: 0
509: 0
510: 0
512: 0
516: 0
519: 0
530: 0
531: 0
533: 0
536: 0
537: 0
539: 0
540: 0
549: 0
551: 0
554: 0
556: 0
557: 0
560: 0
569: 0
570: 0
571: 0
572: 0
573: 0
578: 0
587: 0
590: 0
591: 0
593: 0
594: 0
596: 0
601: 0
602: 0
603: 0
605: 0
608: 0
610: 0
615: 0
617: 0
618: 0
635: 0
638: 0
639: 0
648: 0
650: 0
651: 0
653: 0
655: 0
658: 0
661: 0
662: 0
663: 0
668: 0
670: 0
671: 0
672: 0
673: 0
678: 0
681: 0
684: 0
687: 0
688: 0
692: 0
695: 0
699: 0
716: 0
719: 0
724: 0
729: 0
735: 0
740: 0
749: 0
750: 0
751: 0
753: 0
755: 0
758: 0
760: 0
761: 0
762: 0
763: 0
768: 0
769: 0
770: 0
771: 0
772: 0
773: 0
778: 0
780: 0
784: 0
785: 0
786: 0
800: 0
801: 0
804: 0
806: 0
809: 0
816: 0
819: 0
830: 0
836: 0
840: 0
842: 0
844: 0
846: 0
849: 0
856: 0
857: 0
860: 0
866: 0
867: 0
869: 0
874: 0
875: 0
876: 0
877: 0
880: 0
886: 0
902: 0
903: 0
905: 0
908: 0
910: 0
915: 0
917: 0
918: 0
920: 0
921: 0
923: 0
927: 0
930: 0
932: 0
935: 0
936: 0
942: 0
945: 0
947: 0
948: 0
950: 0
951: 0
961: 0
962: 0
963: 0
965: 0
967: 0
968: 0
984: 0
990: 0
991: 0
993: 0
994: 0
996: 0
use count=1 (unique), each score
15: 1
(1,4), (0,5), 

16: 1
(2,3), (2,2), 

19: 1
(2,3), (3,4), 

20: 1
(1,2), (0,2), 

24: 1
(2,1), (3,2), 

29: 1
(2,1), (2,0), 

30: 1
(1,3), (0,2), 

36: 1
(1,3), (2,2), 

39: 1
(2,4), (3,4), 

40: 1
(3,3), (4,4), 

42: 1
(3,2), (2,1), 

49: 1
(3,3), (3,4), 

50: 1
(0,1), (0,2), 

51: 1
(0,5), (1,4), 

56: 1
(3,1), (2,2), 

57: 1
(3,1), (4,1), 

60: 1
(4,3), (4,4), 

61: 1
(2,2), (2,3), 

62: 1
(2,2), (1,2), 

63: 1
(2,2), (1,3), 

67: 1
(4,2), (4,1), 

68: 1
(2,2), (1,1), 

69: 1
(4,3), (3,4), 

76: 1
(4,1), (4,2), 

78: 1
(3,5), (2,5), 

80: 1
(1,1), (0,2), 

84: 1
(1,5), (0,4), 

86: 1
(1,1), (2,2), 

87: 1
(2,5), (3,5), 

90: 1
(3,4), (4,4), 

91: 1
(3,4), (2,3), 

93: 1
(3,4), (2,4), 

94: 1
(3,4), (3,3), 

96: 1
(3,4), (4,3), 

115: 1
(2,3), (1,4), (0,5), 

116: 1
(1,4), (2,3), (2,2), 

119: 1
(1,4), (2,3), (3,4), 

120: 1
(2,3), (1,2), (0,2), 

122: 1
(2,3), (1,2), (2,1), 

125: 1
(2,3), (1,2), (0,1), 

126: 1
(2,3), (1,2), (2,2), 

140: 1
(2,3), (3,3), (4,4), 

142: 1
(2,3), (3,2), (2,1), 

144: 1
(2,3), (3,3), (3,2), 

146: 1
(2,3), (3,3), (4,3), 

148: 1
(1,4), (0,4), (1,5), 

149: 1
(2,3), (3,3), (3,4), 

151: 1
(1,4), (0,5), (1,4), 

153: 1
(1,4), (0,5), (1,6), 

154: 1
(1,4), (0,5), (0,4), 

158: 1
(1,4), (0,5), (1,5), 

161: 1
(2,3), (2,2), (2,3), 

162: 1
(2,3), (2,2), (1,2), 

163: 1
(2,3), (2,2), (1,3), 

164: 1
(2,3), (2,2), (3,2), 

165: 1
(2,3), (2,2), (3,1), 

168: 1
(2,3), (2,2), (1,1), 

174: 1
(1,4), (0,3), (0,4), 

184: 1
(1,4), (1,5), (0,4), 

185: 1
(1,4), (1,5), (0,5), 

190: 1
(2,3), (3,4), (4,4), 

191: 1
(2,3), (3,4), (2,3), 

193: 1
(2,3), (3,4), (2,4), 

194: 1
(2,3), (3,4), (3,3), 

196: 1
(2,3), (3,4), (4,3), 

197: 1
(2,3), (3,4), (3,5), 

198: 1
(2,3), (3,4), (2,5), 

202: 1
(1,2), (0,2), (1,2), 

203: 1
(1,2), (0,2), (1,3), 

205: 1
(1,2), (0,2), (0,1), 

207: 1
(1,2), (0,2), (0,3), 

208: 1
(1,2), (0,2), (1,1), 

210: 1
(2,6), (3,6), (4,5), 

213: 1
(1,2), (2,3), (1,3), 

214: 1
(1,2), (2,3), (3,3), 

216: 1
(1,2), (2,3), (2,2), 

217: 1
(2,6), (3,6), (3,5), 

218: 1
(2,6), (3,6), (2,5), 

219: 1
(1,2), (2,3), (3,4), 

220: 1
(2,1), (1,2), (0,2), 

221: 1
(2,1), (1,2), (2,3), 

223: 1
(2,1), (1,2), (1,3), 

224: 1
(1,2), (2,1), (3,2), 

227: 1
(2,1), (1,2), (0,3), 

229: 1
(1,2), (2,1), (2,0), 

230: 1
(1,2), (1,3), (0,2), 

231: 1
(1,2), (1,3), (2,3), 

233: 1
(1,2), (1,3), (2,4), 

235: 1
(2,6), (1,6), (0,5), 

236: 1
(1,2), (1,3), (2,2), 

237: 1
(1,2), (1,3), (0,3), 

238: 1
(2,6), (1,6), (1,5), 

241: 1
(2,1), (3,2), (2,3), 

242: 1
(2,1), (3,2), (2,1), 

244: 1
(2,1), (3,2), (3,3), 

245: 1
(2,1), (3,2), (3,1), 

246: 1
(2,1), (3,2), (2,2), 

247: 1
(2,1), (3,2), (4,1), 

250: 1
(1,2), (0,1), (0,2), 

254: 1
(2,1), (3,1), (3,2), 

256: 1
(2,1), (3,1), (2,2), 

257: 1
(2,1), (3,1), (4,1), 

259: 1
(2,1), (3,1), (3,0), 

274: 1
(1,2), (0,3), (0,4), 

278: 1
(2,6), (3,5), (2,5), 

279: 1
(2,6), (3,5), (3,4), 

281: 1
(2,6), (2,5), (1,4), 

284: 1
(2,6), (1,5), (0,4), 

287: 1
(2,6), (2,5), (3,5), 

288: 1
(2,6), (2,5), (1,5), 

292: 1
(2,1), (2,0), (2,1), 

295: 1
(2,1), (2,0), (1,0), 

297: 1
(2,1), (3,0), (4,0), 

298: 1
(2,1), (2,0), (1,1), 

299: 1
(2,1), (2,0), (3,0), 

302: 1
(1,3), (0,2), (1,2), 

303: 1
(1,3), (0,2), (1,3), 

305: 1
(1,3), (0,2), (0,1), 

307: 1
(1,3), (0,2), (0,3), 

308: 1
(1,3), (0,2), (1,1), 

320: 1
(1,3), (1,2), (0,2), 

322: 1
(1,3), (1,2), (2,1), 

325: 1
(1,3), (1,2), (0,1), 

326: 1
(1,3), (1,2), (2,2), 

330: 1
(2,4), (1,3), (0,2), 

332: 1
(2,4), (1,3), (1,2), 

336: 1
(2,4), (1,3), (2,2), 

338: 1
(1,3), (2,4), (2,5), 

339: 1
(1,3), (2,4), (3,4), 

340: 1
(2,4), (3,3), (4,4), 

344: 1
(2,4), (3,3), (3,2), 

346: 1
(2,4), (3,3), (4,3), 

347: 1
(1,3), (0,4), (0,3), 

349: 1
(2,4), (3,3), (3,4), 

350: 1
(0,0), (0,1), (0,2), 

351: 1
(1,6), (0,5), (1,4), 

352: 1
(0,0), (1,0), (2,1), 

354: 1
(1,6), (0,5), (0,4), 

355: 1
(0,0), (1,0), (0,1), 

359: 1
(0,0), (1,0), (2,0), 

361: 1
(1,3), (2,2), (2,3), 

362: 1
(1,3), (2,2), (1,2), 

363: 1
(1,3), (2,2), (1,3), 

364: 1
(1,3), (2,2), (3,2), 

365: 1
(1,3), (2,2), (3,1), 

368: 1
(1,3), (2,2), (1,1), 

374: 1
(1,3), (0,3), (0,4), 

378: 1
(2,4), (3,5), (2,5), 

379: 1
(2,4), (3,5), (3,4), 

380: 1
(0,0), (1,1), (0,2), 

386: 1
(0,0), (1,1), (2,2), 

390: 1
(2,4), (3,4), (4,4), 

391: 1
(2,4), (3,4), (2,3), 

393: 1
(2,4), (3,4), (2,4), 

394: 1
(2,4), (3,4), (3,3), 

396: 1
(2,4), (3,4), (4,3), 

397: 1
(2,4), (3,4), (3,5), 

398: 1
(2,4), (3,4), (2,5), 

400: 1
(3,3), (4,4), (4,5), 

404: 1
(3,3), (4,4), (3,3), 

406: 1
(3,3), (4,4), (4,3), 

407: 1
(3,3), (4,4), (3,5), 

409: 1
(3,3), (4,4), (3,4), 

415: 1
(0,4), (1,4), (0,5), 

417: 1
(0,4), (1,4), (0,3), 

418: 1
(0,4), (1,4), (1,5), 

422: 1
(3,2), (2,1), (1,2), 

424: 1
(3,2), (2,1), (3,2), 

425: 1
(3,2), (2,1), (3,1), 

426: 1
(3,2), (2,1), (2,2), 

428: 1
(3,2), (2,1), (1,1), 

429: 1
(3,2), (2,1), (2,0), 

430: 1
(0,4), (1,3), (0,2), 

435: 1
(0,6), (1,6), (0,5), 

436: 1
(0,4), (1,3), (2,2), 

439: 1
(3,3), (2,4), (3,4), 

440: 1
(3,2), (3,3), (4,4), 

442: 1
(3,3), (3,2), (2,1), 

443: 1
(3,2), (3,3), (2,4), 

445: 1
(3,3), (3,2), (3,1), 

447: 1
(3,3), (3,2), (4,1), 

449: 1
(3,2), (3,3), (3,4), 

452: 1
(3,2), (3,1), (2,1), 

456: 1
(3,2), (3,1), (2,2), 

457: 1
(3,2), (3,1), (4,1), 

459: 1
(3,2), (3,1), (3,0), 

470: 1
(0,4), (0,3), (0,2), 

471: 1
(0,4), (0,3), (1,4), 

472: 1
(0,4), (0,3), (1,2), 

473: 1
(0,4), (0,3), (1,3), 

475: 1
(3,2), (4,1), (3,1), 

476: 1
(3,2), (4,1), (4,2), 

477: 1
(3,2), (4,1), (4,0), 

479: 1
(3,2), (4,1), (3,0), 

490: 1
(3,3), (3,4), (4,4), 

491: 1
(3,3), (3,4), (2,3), 

493: 1
(3,3), (3,4), (2,4), 

494: 1
(3,3), (3,4), (3,3), 

496: 1
(3,3), (3,4), (4,3), 

497: 1
(3,3), (3,4), (3,5), 

498: 1
(3,3), (3,4), (2,5), 

502: 1
(0,1), (0,2), (1,2), 

503: 1
(0,1), (0,2), (1,3), 

505: 1
(0,1), (0,2), (0,1), 

507: 1
(0,1), (0,2), (0,3), 

508: 1
(0,1), (0,2), (1,1), 

511: 1
(0,5), (1,4), (2,3), 

513: 1
(0,5), (1,4), (2,4), 

514: 1
(0,5), (1,4), (0,4), 

515: 1
(0,5), (1,4), (0,5), 

517: 1
(0,5), (1,4), (0,3), 

518: 1
(0,5), (1,4), (1,5), 

520: 1
(0,1), (1,2), (0,2), 

521: 1
(0,1), (1,2), (2,3), 

523: 1
(0,1), (1,2), (1,3), 

527: 1
(0,1), (1,2), (0,3), 

532: 1
(0,5), (1,6), (2,6), 

534: 1
(0,5), (1,6), (0,6), 

542: 1
(3,1), (3,2), (2,1), 

543: 1
(0,5), (0,4), (1,3), 

544: 1
(3,1), (3,2), (3,3), 

546: 1
(3,1), (3,2), (2,2), 

548: 1
(0,5), (0,4), (1,5), 

550: 1
(1,0), (0,1), (0,2), 

559: 1
(0,1), (1,0), (2,0), 

561: 1
(3,1), (2,2), (2,3), 

562: 1
(3,1), (2,2), (1,2), 

563: 1
(3,1), (2,2), (1,3), 

564: 1
(3,1), (2,2), (3,2), 

565: 1
(3,1), (2,2), (3,1), 

566: 1
(3,1), (4,2), (4,3), 

567: 1
(3,1), (4,2), (4,1), 

568: 1
(3,1), (2,2), (1,1), 

574: 1
(3,1), (4,1), (3,2), 

575: 1
(3,1), (4,1), (3,1), 

576: 1
(3,1), (4,1), (4,2), 

577: 1
(3,1), (4,1), (4,0), 

579: 1
(3,1), (4,1), (3,0), 

581: 1
(0,5), (1,5), (1,4), 

584: 1
(0,5), (1,5), (0,4), 

588: 1
(0,5), (1,5), (2,5), 

597: 1
(3,1), (3,0), (4,0), 

600: 1
(4,3), (4,4), (4,5), 

604: 1
(4,3), (4,4), (3,3), 

606: 1
(4,3), (4,4), (4,3), 

607: 1
(4,3), (4,4), (3,5), 

609: 1
(4,3), (4,4), (3,4), 

611: 1
(2,2), (2,3), (1,4), 

612: 1
(2,2), (2,3), (1,2), 

613: 1
(2,2), (2,3), (1,3), 

614: 1
(2,2), (2,3), (3,3), 

616: 1
(2,2), (2,3), (2,2), 

619: 1
(2,2), (2,3), (3,4), 

620: 1
(2,2), (1,2), (0,2), 

621: 1
(2,2), (1,2), (2,3), 

622: 1
(2,2), (1,2), (2,1), 

623: 1
(2,2), (1,2), (1,3), 

624: 1
(2,2), (2,1), (3,2), 

625: 1
(2,2), (1,2), (0,1), 

626: 1
(2,2), (1,2), (2,2), 

627: 1
(2,2), (1,2), (0,3), 

628: 1
(2,2), (1,2), (1,1), 

629: 1
(2,2), (2,1), (2,0), 

630: 1
(2,2), (1,3), (0,2), 

631: 1
(2,2), (1,3), (2,3), 

632: 1
(2,2), (1,3), (1,2), 

633: 1
(2,2), (1,3), (2,4), 

634: 1
(2,2), (1,3), (0,4), 

636: 1
(2,2), (1,3), (2,2), 

637: 1
(2,2), (1,3), (0,3), 

660: 1
(4,2), (4,3), (4,4), 

665: 1
(4,3), (4,2), (3,1), 

667: 1
(4,3), (4,2), (4,1), 

669: 1
(4,2), (4,3), (3,4), 

674: 1
(4,2), (4,1), (3,2), 

675: 1
(4,2), (4,1), (3,1), 

676: 1
(4,2), (4,1), (4,2), 

677: 1
(4,2), (4,1), (4,0), 

679: 1
(4,2), (4,1), (3,0), 

680: 1
(2,2), (1,1), (0,2), 

682: 1
(2,2), (1,1), (2,1), 

683: 1
(2,2), (1,1), (0,0), 

685: 1
(2,2), (1,1), (0,1), 

686: 1
(2,2), (1,1), (2,2), 

689: 1
(2,2), (1,1), (2,0), 

690: 1
(4,3), (3,4), (4,4), 

691: 1
(4,3), (3,4), (2,3), 

693: 1
(4,3), (3,4), (2,4), 

694: 1
(4,3), (3,4), (3,3), 

696: 1
(4,3), (3,4), (4,3), 

697: 1
(4,3), (3,4), (3,5), 

698: 1
(4,3), (3,4), (2,5), 

700: 1
(3,5), (4,5), (4,4), 

701: 1
(3,5), (4,5), (4,6), 

702: 1
(0,3), (0,2), (1,2), 

703: 1
(0,3), (0,2), (1,3), 

704: 1
(3,5), (4,4), (3,3), 

705: 1
(0,3), (0,2), (0,1), 

706: 1
(3,5), (4,4), (4,3), 

708: 1
(0,3), (0,2), (1,1), 

709: 1
(3,5), (4,5), (3,4), 

710: 1
(3,5), (3,6), (4,5), 

712: 1
(3,5), (3,6), (2,6), 

713: 1
(0,3), (1,4), (2,4), 

714: 1
(0,3), (1,4), (0,4), 

715: 1
(0,3), (1,4), (0,5), 

720: 1
(0,3), (1,2), (0,2), 

722: 1
(0,3), (1,2), (2,1), 

725: 1
(0,3), (1,2), (0,1), 

726: 1
(0,3), (1,2), (2,2), 

730: 1
(0,3), (1,3), (0,2), 

732: 1
(0,3), (1,3), (1,2), 

736: 1
(0,3), (1,3), (2,2), 

738: 1
(3,5), (2,4), (2,5), 

739: 1
(3,5), (2,4), (3,4), 

742: 1
(4,1), (3,2), (2,1), 

743: 1
(0,3), (0,4), (1,3), 

744: 1
(4,1), (3,2), (3,3), 

746: 1
(4,1), (3,2), (2,2), 

748: 1
(0,3), (0,4), (1,5), 

764: 1
(4,1), (4,2), (3,2), 

765: 1
(4,1), (4,2), (3,1), 

766: 1
(4,1), (4,2), (4,3), 

767: 1
(4,1), (4,2), (4,1), 

774: 1
(4,0), (4,1), (3,2), 

776: 1
(4,0), (4,1), (4,2), 

781: 1
(3,5), (2,5), (1,4), 

782: 1
(3,5), (2,5), (2,6), 

783: 1
(3,5), (2,5), (2,4), 

787: 1
(3,5), (2,5), (3,5), 

788: 1
(3,5), (2,5), (1,5), 

789: 1
(3,5), (2,5), (3,4), 

790: 1
(3,5), (3,4), (4,4), 

791: 1
(3,5), (3,4), (2,3), 

793: 1
(3,5), (3,4), (2,4), 

794: 1
(3,5), (3,4), (3,3), 

796: 1
(3,5), (3,4), (4,3), 

798: 1
(3,5), (3,4), (2,5), 

802: 1
(1,1), (0,2), (1,2), 

803: 1
(1,1), (0,2), (1,3), 

805: 1
(1,1), (0,2), (0,1), 

807: 1
(1,1), (0,2), (0,3), 

808: 1
(1,1), (0,2), (1,1), 

810: 1
(2,5), (3,6), (4,5), 

812: 1
(2,5), (3,6), (2,6), 

820: 1
(1,1), (1,2), (0,2), 

822: 1
(1,1), (2,1), (1,2), 

824: 1
(1,1), (2,1), (3,2), 

825: 1
(1,1), (2,1), (3,1), 

826: 1
(1,1), (2,1), (2,2), 

829: 1
(1,1), (2,1), (2,0), 

841: 1
(1,5), (0,4), (1,4), 

843: 1
(1,5), (0,4), (1,3), 

845: 1
(1,5), (0,4), (0,5), 

847: 1
(1,5), (0,4), (0,3), 

848: 1
(1,5), (0,4), (1,5), 

850: 1
(1,1), (0,1), (0,2), 

851: 1
(1,5), (0,5), (1,4), 

852: 1
(1,1), (0,1), (1,2), 

854: 1
(1,5), (0,5), (0,4), 

855: 1
(1,1), (0,1), (1,0), 

859: 1
(1,1), (1,0), (2,0), 

861: 1
(1,1), (2,2), (2,3), 

862: 1
(1,1), (2,2), (1,2), 

863: 1
(1,1), (2,2), (1,3), 

864: 1
(1,1), (2,2), (3,2), 

865: 1
(1,1), (2,2), (3,1), 

868: 1
(1,1), (2,2), (1,1), 

870: 1
(2,5), (3,5), (4,5), 

871: 1
(2,5), (3,5), (3,6), 

872: 1
(2,5), (3,5), (2,6), 

873: 1
(2,5), (3,5), (2,4), 

878: 1
(2,5), (3,5), (2,5), 

879: 1
(2,5), (3,5), (3,4), 

884: 1
(2,5), (1,5), (0,4), 

885: 1
(2,5), (1,5), (0,5), 

887: 1
(1,5), (2,5), (3,5), 

889: 1
(1,5), (2,5), (3,4), 

890: 1
(2,5), (3,4), (4,4), 

891: 1
(2,5), (3,4), (2,3), 

892: 1
(1,1), (2,0), (2,1), 

893: 1
(2,5), (3,4), (2,4), 

894: 1
(2,5), (3,4), (3,3), 

895: 1
(1,1), (2,0), (1,0), 

896: 1
(2,5), (3,4), (4,3), 

897: 1
(2,5), (3,4), (3,5), 

899: 1
(1,1), (2,0), (3,0), 

900: 1
(3,4), (4,4), (4,5), 

901: 1
(3,4), (4,5), (4,6), 

904: 1
(3,4), (4,4), (3,3), 

906: 1
(3,4), (4,4), (4,3), 

907: 1
(3,4), (4,4), (3,5), 

909: 1
(3,4), (4,4), (3,4), 

911: 1
(3,4), (2,3), (1,4), 

912: 1
(3,4), (2,3), (1,2), 

913: 1
(3,4), (2,3), (1,3), 

914: 1
(3,4), (2,3), (3,3), 

916: 1
(3,4), (2,3), (2,2), 

919: 1
(3,4), (2,3), (3,4), 

931: 1
(3,4), (2,4), (1,4), 

933: 1
(3,4), (2,4), (1,3), 

934: 1
(3,4), (2,4), (3,3), 

937: 1
(3,4), (2,4), (3,5), 

938: 1
(3,4), (2,4), (2,5), 

939: 1
(3,4), (2,4), (3,4), 

940: 1
(3,4), (3,3), (4,4), 

941: 1
(3,4), (3,3), (2,3), 

943: 1
(3,4), (3,3), (2,4), 

944: 1
(3,4), (3,3), (3,2), 

946: 1
(3,4), (3,3), (4,3), 

949: 1
(3,4), (3,3), (3,4), 

953: 1
(2,0), (1,0), (0,0), 

955: 1
(2,0), (1,0), (0,1), 

958: 1
(2,0), (1,0), (1,1), 

960: 1
(3,4), (4,3), (4,4), 

964: 1
(3,4), (4,3), (3,3), 

966: 1
(3,4), (4,3), (4,2), 

969: 1
(3,4), (4,3), (3,4), 

970: 1
(3,4), (3,5), (4,5), 

971: 1
(3,4), (3,5), (3,6), 

972: 1
(3,4), (3,5), (2,6), 

973: 1
(3,4), (3,5), (2,4), 

974: 1
(3,0), (4,1), (3,2), 

975: 1
(3,0), (4,0), (3,1), 

976: 1
(3,0), (4,1), (4,2), 

977: 1
(3,0), (4,0), (4,1), 

978: 1
(3,4), (3,5), (2,5), 

980: 1
(2,0), (1,1), (0,2), 

981: 1
(3,4), (2,5), (1,4), 

985: 1
(2,0), (1,1), (0,1), 

986: 1
(2,0), (1,1), (2,2), 

987: 1
(3,4), (2,5), (3,5), 

988: 1
(3,4), (2,5), (1,5), 

997: 1
(2,0), (3,0), (4,0), 

998: 1
(3,0), (2,0), (1,1), 

