Fitness: 3555
23423153768541
15612852093867
30960034132612
09274134275129
34821362457380
53685759189465
79480271920187
84137190637432

Fitness: 2276
99091328913453
10286299319583
51030617706801
59122054064172
34497526322531
61356172189385
77881348197405
11293624022192

-------------------------

Fitness: 3699
23423153768534
15612852093867
30960034132612
09274134275129
34821362457350
53685759189465
79180271920187
08437180637432

Fitness: 3275
54123158724717
18652852093860
30960064139613
09274134275124
14821362457359
23185789189468
09290271920185
74631106537266

