Fitness: 3555
23423153768541
15612852093867
30960034132612
09274134275129
34821362457380
53685759189465
79480271920187
84137190637432

Fitness: 3555
23423153768541
15612852093867
30960034132612
09274134275129
34821362457380
53685759189465
79180271920187
04337100637432

Fitness: 3555
23423153768541
15612852093867
30960034132612
09274134275129
34821362457380
53685759189465
79480271920187
84137190637432

Fitness: 3555
23423153768541
15612852093867
30960034132612
09274134275129
34821362457380
53685759189465
79180271920187
04337100637432

Fitness: 3555
23423153768541
15612852093867
30960034132612
09274134275129
34821362457380
53685759189463
79480271920187
84137190637432

